person 0.0 0 0.0 253 31 274 73 0.0 0.0 0.0 0.0 0.0 0.0 0.0
person 0.0 0 0.0 257 30 272 52 0.0 0.0 0.0 0.0 0.0 0.0 0.0
person 0.0 0 0.0 230 30 249 72 0.0 0.0 0.0 0.0 0.0 0.0 0.0
person 0.0 0 0.0 428 148 464 238 0.0 0.0 0.0 0.0 0.0 0.0 0.0
person 0.0 0 0.0 413 278 468 356 0.0 0.0 0.0 0.0 0.0 0.0 0.0
person 0.0 0 0.0 151 38 178 91 0.0 0.0 0.0 0.0 0.0 0.0 0.0
medium 0.0 0 0.0 385 32 465 123 0.0 0.0 0.0 0.0 0.0 0.0 0.0
small 0.0 0 0.0 528 31 574 118 0.0 0.0 0.0 0.0 0.0 0.0 0.0
small 0.0 0 0.0 456 52 515 138 0.0 0.0 0.0 0.0 0.0 0.0 0.0
small 0.0 0 0.0 3 112 71 198 0.0 0.0 0.0 0.0 0.0 0.0 0.0
