person 0.0 0 0.0 255 31 270 53 0.0 0.0 0.0 0.0 0.0 0.0 0.0
person 0.0 0 0.0 252 31 273 73 0.0 0.0 0.0 0.0 0.0 0.0 0.0
person 0.0 0 0.0 229 29 248 72 0.0 0.0 0.0 0.0 0.0 0.0 0.0
person 0.0 0 0.0 428 146 465 235 0.0 0.0 0.0 0.0 0.0 0.0 0.0
person 0.0 0 0.0 412 278 467 357 0.0 0.0 0.0 0.0 0.0 0.0 0.0
person 0.0 0 0.0 151 39 177 92 0.0 0.0 0.0 0.0 0.0 0.0 0.0
small 0.0 0 0.0 532 31 573 113 0.0 0.0 0.0 0.0 0.0 0.0 0.0
small 0.0 0 0.0 464 55 512 139 0.0 0.0 0.0 0.0 0.0 0.0 0.0
small 0.0 0 0.0 2 109 66 193 0.0 0.0 0.0 0.0 0.0 0.0 0.0
medium 0.0 0 0.0 386 30 467 121 0.0 0.0 0.0 0.0 0.0 0.0 0.0
