small 0.0 0 0.0 455 52 511 136 0.0 0.0 0.0 0.0 0.0 0.0 0.0
small 0.0 0 0.0 387 28 482 120 0.0 0.0 0.0 0.0 0.0 0.0 0.0
small 0.0 0 0.0 527 30 575 114 0.0 0.0 0.0 0.0 0.0 0.0 0.0
small 0.0 0 0.0 427 185 465 261 0.0 0.0 0.0 0.0 0.0 0.0 0.0
person 0.0 0 0.0 253 30 273 72 0.0 0.0 0.0 0.0 0.0 0.0 0.0
person 0.0 0 0.0 257 30 271 52 0.0 0.0 0.0 0.0 0.0 0.0 0.0
person 0.0 0 0.0 230 30 248 71 0.0 0.0 0.0 0.0 0.0 0.0 0.0
person 0.0 0 0.0 428 148 464 238 0.0 0.0 0.0 0.0 0.0 0.0 0.0
person 0.0 0 0.0 413 278 467 356 0.0 0.0 0.0 0.0 0.0 0.0 0.0
person 0.0 0 0.0 150 38 176 91 0.0 0.0 0.0 0.0 0.0 0.0 0.0
