person 0.0 0 0.0 255 31 270 53 0.0 0.0 0.0 0.0 0.0 0.0 0.0
person 0.0 0 0.0 252 30 273 72 0.0 0.0 0.0 0.0 0.0 0.0 0.0
person 0.0 0 0.0 229 28 248 71 0.0 0.0 0.0 0.0 0.0 0.0 0.0
person 0.0 0 0.0 428 146 465 235 0.0 0.0 0.0 0.0 0.0 0.0 0.0
person 0.0 0 0.0 412 278 467 357 0.0 0.0 0.0 0.0 0.0 0.0 0.0
person 0.0 0 0.0 150 38 176 91 0.0 0.0 0.0 0.0 0.0 0.0 0.0
small 0.0 0 0.0 532 31 573 113 0.0 0.0 0.0 0.0 0.0 0.0 0.0
small 0.0 0 0.0 464 54 512 138 0.0 0.0 0.0 0.0 0.0 0.0 0.0
small 0.0 0 0.0 1 109 65 193 0.0 0.0 0.0 0.0 0.0 0.0 0.0
medium 0.0 0 0.0 386 30 467 121 0.0 0.0 0.0 0.0 0.0 0.0 0.0
