1 0.13125 0.55 0.06875 0.1388888888888889
1 0.83203125 0.24444444444444444 0.0359375 0.10555555555555556
2 0.7734375 0.09305555555555556 0.0875 0.09722222222222222
2 0.328125 0.2 0.134375 0.16666666666666666
2 0.221875 0.3375 0.18125 0.19722222222222222
0 0.121875 0.4861111111111111 0.05 0.1388888888888889
0 0.24453125 0.5513888888888889 0.0484375 0.18055555555555555
0 0.13203125 0.5236111111111111 0.0703125 0.175
0 0.83125 0.17916666666666667 0.0375 0.09722222222222222
0 0.91953125 0.4361111111111111 0.0578125 0.22777777777777777
0 0.89140625 0.3527777777777778 0.0359375 0.18888888888888888
0 0.51328125 0.8625 0.0703125 0.25833333333333336
