3 0.671875 0.24583333333333332 0.128125 0.24722222222222223
1 0.7625 0.23333333333333334 0.01875 0.05555555555555555
1 0.490625 0.45 0.025 0.06111111111111111
1 0.953125 0.4861111111111111 0.0375 0.11666666666666667
2 0.53046875 0.23194444444444445 0.0328125 0.05277777777777778
2 0.67734375 0.1 0.0328125 0.05
2 0.40625 0.4027777777777778 0.040625 0.08888888888888889
2 0.4296875 0.3194444444444444 0.046875 0.07777777777777778
2 0.72109375 0.14027777777777778 0.0359375 0.05277777777777778
0 0.375 0.49166666666666664 0.034375 0.12222222222222222
0 0.3609375 0.5944444444444444 0.040625 0.11666666666666667
0 0.48671875 0.4166666666666667 0.0234375 0.06666666666666667
0 0.45625 0.4166666666666667 0.025 0.1111111111111111
0 0.95 0.4444444444444444 0.034375 0.1388888888888889
