1 0.7625 0.23472222222222222 0.01875 0.05277777777777778
1 0.36171875 0.6083333333333333 0.0421875 0.1
1 0.4828125 0.3819444444444444 0.025 0.06944444444444445
1 0.70625 0.20694444444444443 0.01875 0.058333333333333334
1 0.48359375 0.40694444444444444 0.0234375 0.06388888888888888
2 0.72109375 0.14027777777777778 0.0328125 0.04722222222222222
2 0.5359375 0.24027777777777778 0.040625 0.05277777777777778
2 0.50625 0.2847222222222222 0.04375 0.08055555555555556
2 0.6765625 0.10138888888888889 0.034375 0.04722222222222222
2 0.42890625 0.32083333333333336 0.0484375 0.075
2 0.40703125 0.4013888888888889 0.0421875 0.08611111111111111
0 0.70625 0.20694444444444443 0.01875 0.058333333333333334
0 0.359375 0.5958333333333333 0.04375 0.10833333333333334
0 0.49453125 0.9291666666666667 0.0703125 0.14166666666666666
