1 0.0296875 0.725 0.059375 0.3611111111111111
1 0.79375 0.2 0.115625 0.2111111111111111
1 0.56015625 0.5444444444444444 0.1359375 0.40555555555555556
1 0.4546875 0.13194444444444445 0.075 0.15833333333333333
1 0.28984375 0.21666666666666667 0.1078125 0.2388888888888889
1 0.64296875 0.20277777777777778 0.1078125 0.19444444444444445
1 0.89453125 0.10972222222222222 0.0328125 0.09722222222222222
1 0.1125 0.4125 0.0375 0.10833333333333334
0 0.89609375 0.06944444444444445 0.0265625 0.05555555555555555
0 0.640625 0.9625 0.06875 0.075
0 0.11171875 0.37916666666666665 0.0390625 0.14722222222222223
0 0.91015625 0.24027777777777778 0.0328125 0.14722222222222223
