1 0.953125 0.33611111111111114 0.071875 0.07222222222222222
2 0.67578125 0.1125 0.0328125 0.041666666666666664
2 0.74140625 0.1486111111111111 0.0421875 0.05277777777777778
2 0.3984375 0.3875 0.059375 0.10833333333333334
2 0.6234375 0.13472222222222222 0.028125 0.041666666666666664
2 0.97890625 0.6152777777777778 0.0421875 0.3194444444444444
2 0.68515625 0.2722222222222222 0.0484375 0.10555555555555556
2 0.72265625 0.14444444444444443 0.0296875 0.05
2 0.43828125 0.2986111111111111 0.0453125 0.06944444444444445
0 0.79765625 0.3125 0.0234375 0.05277777777777778
0 0.80078125 0.3402777777777778 0.0328125 0.10277777777777777
0 0.278125 0.9041666666666667 0.065625 0.16944444444444445
0 0.34765625 0.6180555555555556 0.0359375 0.11944444444444445
0 0.89765625 0.3236111111111111 0.0265625 0.13055555555555556
