1 0.68046875 0.17083333333333334 0.0203125 0.04722222222222222
1 0.58984375 0.2763888888888889 0.0296875 0.04722222222222222
1 0.79921875 0.2375 0.0328125 0.04722222222222222
1 0.9515625 0.3375 0.075 0.08055555555555556
1 0.5328125 0.3472222222222222 0.025 0.06666666666666667
1 0.6703125 0.26944444444444443 0.025 0.05555555555555555
1 0.66484375 0.24027777777777778 0.0234375 0.05277777777777778
1 0.7078125 0.24444444444444444 0.025 0.06666666666666667
1 0.48828125 0.3763888888888889 0.0203125 0.058333333333333334
1 0.82265625 0.2777777777777778 0.0265625 0.06111111111111111
2 0.525 0.17916666666666667 0.028125 0.041666666666666664
2 0.721875 0.14305555555555555 0.03125 0.05277777777777778
2 0.43828125 0.3 0.0453125 0.07222222222222222
0 0.3359375 0.5194444444444445 0.034375 0.12777777777777777
0 0.65859375 0.2152777777777778 0.0234375 0.04722222222222222
0 0.5140625 0.3138888888888889 0.021875 0.05
0 0.45625 0.36944444444444446 0.015625 0.06111111111111111
0 0.4859375 0.35 0.021875 0.06111111111111111
0 0.375 0.49027777777777776 0.034375 0.11388888888888889
0 0.31328125 0.7138888888888889 0.0390625 0.15
