1 0.725 0.30277777777777776 0.0375 0.08888888888888889
1 0.65546875 0.2 0.0203125 0.05
1 0.6953125 0.34305555555555556 0.025 0.06944444444444445
1 0.5125 0.4152777777777778 0.028125 0.058333333333333334
1 0.784375 0.30972222222222223 0.0375 0.09722222222222222
1 0.7578125 0.44583333333333336 0.034375 0.10277777777777777
2 0.525 0.27361111111111114 0.040625 0.08055555555555556
2 0.43515625 0.30277777777777776 0.0578125 0.07222222222222222
2 0.70625 0.17222222222222222 0.04375 0.05555555555555555
0 0.465625 0.3486111111111111 0.01875 0.058333333333333334
0 0.50234375 0.34444444444444444 0.0265625 0.05
0 0.4765625 0.8277777777777777 0.065625 0.1388888888888889
0 0.75625 0.4166666666666667 0.034375 0.1111111111111111
