1 0.8203125 0.21388888888888888 0.078125 0.1
1 0.55 0.24166666666666667 0.021875 0.05555555555555555
1 0.95234375 0.3388888888888889 0.0796875 0.08888888888888889
1 0.546875 0.4888888888888889 0.025 0.06111111111111111
1 0.6984375 0.2 0.021875 0.05555555555555555
1 0.66953125 0.2361111111111111 0.0234375 0.06111111111111111
1 0.50625 0.34305555555555556 0.021875 0.058333333333333334
1 0.81953125 0.7236111111111111 0.0484375 0.175
1 0.64140625 0.24027777777777778 0.0203125 0.058333333333333334
0 0.50625 0.34305555555555556 0.021875 0.058333333333333334
0 0.665625 0.21666666666666667 0.021875 0.05
0 0.50234375 0.3194444444444444 0.0234375 0.05555555555555555
0 0.94609375 0.42083333333333334 0.0390625 0.08055555555555556
0 0.44765625 0.3416666666666667 0.0203125 0.06666666666666667
0 0.2609375 0.7541666666666667 0.0375 0.1638888888888889
0 0.81171875 0.65 0.0484375 0.2
0 0.54609375 0.4527777777777778 0.0328125 0.10555555555555556
0 0.35546875 0.8972222222222223 0.0453125 0.17777777777777778
