1 0.73671875 0.24166666666666667 0.0453125 0.13333333333333333
1 0.80546875 0.35 0.0390625 0.12222222222222222
2 0.43828125 0.12222222222222222 0.1171875 0.15
2 0.071875 0.5305555555555556 0.14375 0.24444444444444444
2 0.29375 0.26805555555555555 0.15 0.19722222222222222
0 0.7359375 0.2152777777777778 0.04375 0.11944444444444445
0 0.93125 0.31805555555555554 0.0375 0.18055555555555555
0 0.37578125 0.2763888888888889 0.0421875 0.1361111111111111
0 0.9546875 0.39166666666666666 0.04375 0.20555555555555555
0 0.80546875 0.30694444444444446 0.0421875 0.16944444444444445
0 0.90703125 0.2777777777777778 0.0453125 0.17777777777777778
