1 0.38671875 0.4861111111111111 0.0390625 0.10555555555555556
1 0.7578125 0.2361111111111111 0.021875 0.06111111111111111
1 0.7765625 0.3458333333333333 0.03125 0.10277777777777777
1 0.50234375 0.35 0.0234375 0.06666666666666667
2 0.540625 0.24583333333333332 0.034375 0.06388888888888888
2 0.68203125 0.18472222222222223 0.0265625 0.06388888888888888
2 0.39765625 0.39166666666666666 0.0609375 0.10555555555555556
2 0.67578125 0.09861111111111111 0.0328125 0.04722222222222222
2 0.42890625 0.32083333333333336 0.0484375 0.08055555555555556
2 0.7203125 0.14027777777777778 0.034375 0.05277777777777778
2 0.6453125 0.21805555555555556 0.05 0.10277777777777777
2 0.5328125 0.5097222222222222 0.09375 0.18055555555555555
0 0.5046875 0.2361111111111111 0.0125 0.044444444444444446
0 0.2984375 0.6861111111111111 0.040625 0.14444444444444443
0 0.7734375 0.31527777777777777 0.025 0.04722222222222222
0 0.359375 0.5958333333333333 0.04375 0.10833333333333334
0 0.4671875 0.7194444444444444 0.05 0.13333333333333333
0 0.33984375 0.7652777777777777 0.0421875 0.16944444444444445
