1 0.44765625 0.13055555555555556 0.0796875 0.14444444444444443
1 0.32265625 0.17777777777777778 0.0828125 0.19444444444444445
1 0.9515625 0.16805555555555557 0.034375 0.10277777777777777
1 0.25859375 0.3055555555555556 0.0453125 0.08333333333333333
1 0.15625 0.5402777777777777 0.065625 0.11944444444444445
1 0.37890625 0.5236111111111111 0.0734375 0.18611111111111112
1 0.60625 0.2708333333333333 0.04375 0.10277777777777777
1 0.76328125 0.5152777777777777 0.0484375 0.14722222222222223
2 0.6984375 0.14166666666666666 0.096875 0.2
0 0.94921875 0.10694444444444444 0.0265625 0.058333333333333334
0 0.95078125 0.14583333333333334 0.0359375 0.125
0 0.765625 0.4597222222222222 0.065625 0.20277777777777778
0 0.76484375 0.41388888888888886 0.0515625 0.12777777777777777
0 0.02421875 0.24305555555555555 0.0296875 0.15833333333333333
0 0.40234375 0.4597222222222222 0.0609375 0.21388888888888888
0 0.60390625 0.21388888888888888 0.0421875 0.14444444444444443
0 0.159375 0.45 0.05 0.15555555555555556
0 0.26171875 0.24583333333333332 0.0484375 0.1361111111111111
