1 0.53125 0.3 0.01875 0.03888888888888889
1 0.64296875 0.2152777777777778 0.0171875 0.058333333333333334
1 0.45546875 0.37083333333333335 0.0203125 0.06944444444444445
1 0.52890625 0.28194444444444444 0.0203125 0.058333333333333334
1 0.66796875 0.20694444444444443 0.0234375 0.06944444444444445
1 0.31640625 0.6541666666666667 0.0390625 0.11944444444444445
1 0.81875 0.28194444444444444 0.04375 0.09166666666666666
1 0.53046875 0.5722222222222222 0.0359375 0.09444444444444444
1 0.4984375 0.3388888888888889 0.025 0.05555555555555555
1 0.38125 0.6541666666666667 0.040625 0.09722222222222222
2 0.74296875 0.15 0.0421875 0.05
2 0.6796875 0.11805555555555555 0.03125 0.03611111111111111
2 0.39609375 0.3888888888888889 0.0640625 0.1
2 0.4390625 0.2972222222222222 0.046875 0.06666666666666667
0 0.45546875 0.37083333333333335 0.0203125 0.06944444444444445
0 0.64296875 0.2152777777777778 0.0171875 0.058333333333333334
0 0.496875 0.31805555555555554 0.025 0.05277777777777778
0 0.51171875 0.20555555555555555 0.0140625 0.05555555555555555
0 0.7625 0.24444444444444444 0.021875 0.07222222222222222
0 0.3171875 0.625 0.0375 0.13333333333333333
0 0.74296875 0.2361111111111111 0.0171875 0.07222222222222222
0 0.52890625 0.28194444444444444 0.0203125 0.058333333333333334
0 0.37734375 0.6208333333333333 0.0390625 0.09722222222222222
0 0.525 0.5194444444444445 0.0375 0.1
0 0.41328125 0.9180555555555555 0.0671875 0.15833333333333333
