1 0.7625 0.23472222222222222 0.015625 0.04722222222222222
1 0.36171875 0.6083333333333333 0.0421875 0.09444444444444444
1 0.528125 0.2777777777777778 0.01875 0.05555555555555555
1 0.7171875 0.2125 0.01875 0.04722222222222222
2 0.4625 0.5208333333333334 0.06875 0.1527777777777778
2 0.428125 0.32083333333333336 0.046875 0.075
2 0.7203125 0.14166666666666666 0.040625 0.05555555555555555
2 0.67578125 0.1 0.0359375 0.05
2 0.40703125 0.3902777777777778 0.0453125 0.10277777777777777
2 0.53515625 0.41805555555555557 0.0609375 0.11944444444444445
0 0.7171875 0.2125 0.01875 0.04722222222222222
0 0.4765625 0.35 0.01875 0.06111111111111111
0 0.359375 0.5958333333333333 0.040625 0.10277777777777777
0 0.503125 0.3527777777777778 0.01875 0.06666666666666667
