1 0.70703125 0.3458333333333333 0.0234375 0.058333333333333334
1 0.71484375 0.37777777777777777 0.0234375 0.06666666666666667
1 0.809375 0.30972222222222223 0.046875 0.075
1 0.659375 0.3458333333333333 0.025 0.06388888888888888
2 0.39453125 0.40694444444444444 0.0640625 0.09722222222222222
2 0.4671875 0.5305555555555556 0.075 0.2
2 0.503125 0.3819444444444444 0.04375 0.10277777777777777
2 0.7140625 0.1625 0.05 0.06944444444444445
2 0.5484375 0.5236111111111111 0.08125 0.18611111111111112
1 0.3921875 0.7944444444444444 0.0625 0.09444444444444444
0 0.45234375 0.31805555555555554 0.0171875 0.04722222222222222
0 0.5421875 0.31666666666666665 0.021875 0.05
0 0.65625 0.31805555555555554 0.025 0.05277777777777778
0 0.36953125 0.6152777777777778 0.0390625 0.11388888888888889
0 0.70625 0.3138888888888889 0.021875 0.05
0 0.43203125 0.40555555555555556 0.0171875 0.08333333333333333
0 0.51171875 0.9180555555555555 0.0703125 0.1527777777777778
0 0.3921875 0.9305555555555556 0.0625 0.12222222222222222
