1 0.821875 0.2777777777777778 0.025 0.06111111111111111
1 0.46484375 0.5083333333333333 0.0359375 0.1111111111111111
1 0.5453125 0.24027777777777778 0.025 0.04722222222222222
1 0.7515625 0.4861111111111111 0.040625 0.1111111111111111
1 0.84296875 0.5875 0.0484375 0.1361111111111111
2 0.6765625 0.1 0.034375 0.044444444444444446
2 0.721875 0.1388888888888889 0.034375 0.05555555555555555
2 0.4390625 0.3 0.04375 0.07222222222222222
0 0.33359375 0.5208333333333334 0.0328125 0.1361111111111111
0 0.371875 0.4888888888888889 0.021875 0.06666666666666667
0 0.6828125 0.1638888888888889 0.0125 0.05555555555555555
0 0.83984375 0.55 0.0453125 0.15555555555555556
0 0.83046875 0.4125 0.0359375 0.10833333333333334
0 0.746875 0.44583333333333336 0.0375 0.11944444444444445
0 0.4640625 0.4930555555555556 0.0375 0.11944444444444445
