1 0.73359375 0.26805555555555555 0.0140625 0.04722222222222222
1 0.95 0.31805555555555554 0.078125 0.08611111111111111
1 0.92734375 0.5486111111111112 0.0359375 0.10277777777777777
1 0.81484375 0.37777777777777777 0.0609375 0.11666666666666667
2 0.48125 0.38055555555555554 0.05 0.13333333333333333
2 0.67734375 0.11527777777777778 0.0265625 0.041666666666666664
2 0.740625 0.15 0.040625 0.05555555555555555
2 0.628125 0.16805555555555557 0.028125 0.05277777777777778
2 0.7234375 0.14444444444444443 0.028125 0.05
2 0.39609375 0.3875 0.0640625 0.10277777777777777
2 0.43828125 0.3 0.0453125 0.06111111111111111
0 0.26484375 0.6930555555555555 0.0234375 0.06388888888888888
0 0.534375 0.21388888888888888 0.015625 0.05
0 0.33359375 0.5166666666666667 0.0296875 0.12222222222222222
0 0.73203125 0.24861111111111112 0.0171875 0.06944444444444445
0 0.5515625 0.7527777777777778 0.046875 0.12222222222222222
0 0.48671875 0.7166666666666667 0.0421875 0.12777777777777777
0 0.3703125 0.55 0.03125 0.1111111111111111
0 0.92421875 0.4875 0.0359375 0.13055555555555556
0 0.8609375 0.2833333333333333 0.028125 0.1111111111111111
