3 0.4484375 0.8166666666666667 0.10625 0.28888888888888886
1 0.54609375 0.5541666666666667 0.0265625 0.06944444444444445
1 0.94921875 0.31805555555555554 0.0765625 0.08611111111111111
1 0.6671875 0.20555555555555555 0.028125 0.06111111111111111
2 0.5859375 0.10555555555555556 0.025 0.03333333333333333
2 0.6671875 0.20555555555555555 0.028125 0.06111111111111111
2 0.53046875 0.2111111111111111 0.0359375 0.05555555555555555
2 0.475 0.25 0.04375 0.06666666666666667
2 0.4078125 0.3861111111111111 0.046875 0.1
2 0.52734375 0.2861111111111111 0.0453125 0.08333333333333333
2 0.7171875 0.1388888888888889 0.03125 0.05
2 0.6765625 0.1 0.034375 0.044444444444444446
2 0.43828125 0.3 0.0484375 0.06666666666666667
2 0.76640625 0.4625 0.1234375 0.23055555555555557
0 0.5421875 0.5138888888888888 0.03125 0.11666666666666667
