1 0.85234375 0.2111111111111111 0.0765625 0.24444444444444444
1 0.6609375 0.24027777777777778 0.190625 0.2638888888888889
1 0.1890625 0.5541666666666667 0.0625 0.14166666666666666
1 0.05546875 0.5972222222222222 0.0828125 0.18888888888888888
1 0.58359375 0.7111111111111111 0.1171875 0.17222222222222222
0 0.18359375 0.5166666666666667 0.0484375 0.17777777777777778
0 0.0515625 0.5361111111111111 0.084375 0.2222222222222222
0 0.40625 0.11666666666666667 0.028125 0.10555555555555556
0 0.584375 0.6194444444444445 0.059375 0.25555555555555554
0 0.2703125 0.16805555555555557 0.03125 0.14166666666666666
0 0.68671875 0.8597222222222223 0.0890625 0.28055555555555556
