1 0.5203125 0.4527777777777778 0.034375 0.10555555555555556
1 0.521875 0.47638888888888886 0.025 0.06944444444444445
1 0.63984375 0.21666666666666667 0.0234375 0.06111111111111111
1 0.6421875 0.23055555555555557 0.021875 0.05
1 0.88828125 0.5833333333333334 0.0734375 0.1388888888888889
1 0.80546875 0.575 0.0359375 0.1388888888888889
2 0.72421875 0.14444444444444443 0.0296875 0.044444444444444446
0 0.85546875 0.2875 0.0171875 0.06388888888888888
0 0.4640625 0.40694444444444444 0.021875 0.08055555555555556
0 0.4171875 0.5861111111111111 0.0375 0.10555555555555556
0 0.85859375 0.30416666666666664 0.0203125 0.075
0 0.5109375 0.9222222222222223 0.05 0.15
0 0.3328125 0.5208333333333334 0.034375 0.13055555555555556
0 0.8046875 0.5166666666666667 0.0375 0.15
0 0.89375 0.5236111111111111 0.040625 0.1527777777777778
