1 0.7203125 0.24444444444444444 0.025 0.06666666666666667
1 0.5015625 0.4527777777777778 0.03125 0.10555555555555556
1 0.50390625 0.4777777777777778 0.0265625 0.07222222222222222
1 0.953125 0.3388888888888889 0.075 0.07777777777777778
1 0.50390625 0.7486111111111111 0.0421875 0.125
1 0.7171875 0.27361111111111114 0.025 0.06944444444444445
1 0.77890625 0.3111111111111111 0.0265625 0.06666666666666667
1 0.534375 0.2388888888888889 0.01875 0.044444444444444446
2 0.4671875 0.2638888888888889 0.028125 0.05
2 0.67734375 0.1 0.0296875 0.044444444444444446
2 0.65 0.25 0.053125 0.10555555555555556
2 0.54453125 0.16805555555555557 0.0328125 0.041666666666666664
2 0.428125 0.875 0.134375 0.24444444444444444
2 0.43828125 0.3 0.0484375 0.06666666666666667
0 0.5015625 0.4527777777777778 0.03125 0.10555555555555556
0 0.48984375 0.21388888888888888 0.0140625 0.044444444444444446
0 0.50234375 0.6902777777777778 0.0484375 0.13055555555555556
0 0.778125 0.2861111111111111 0.03125 0.1
0 0.434375 0.3875 0.01875 0.06944444444444445
