1 0.815625 0.2375 0.0875 0.23055555555555557
1 0.34140625 0.20416666666666666 0.0890625 0.225
1 0.85859375 0.13472222222222222 0.0328125 0.11388888888888889
1 0.60234375 0.30416666666666664 0.0453125 0.11944444444444445
1 0.490625 0.6166666666666667 0.08125 0.24444444444444444
1 0.39140625 0.5472222222222223 0.0609375 0.14444444444444443
0 0.60234375 0.28194444444444444 0.0453125 0.1361111111111111
0 0.49375 0.5347222222222222 0.071875 0.20277777777777778
0 0.559375 0.2513888888888889 0.034375 0.16944444444444445
0 0.8578125 0.10694444444444444 0.034375 0.11388888888888889
0 0.39140625 0.4722222222222222 0.0609375 0.19444444444444445
0 0.9578125 0.4222222222222222 0.046875 0.2111111111111111
0 0.92421875 0.20972222222222223 0.0359375 0.19166666666666668
0 0.890625 0.3736111111111111 0.0375 0.19166666666666668
