1 0.4890625 0.14166666666666666 0.08125 0.17222222222222222
1 0.3625 0.175 0.025 0.07222222222222222
1 0.81953125 0.2833333333333333 0.0328125 0.12777777777777777
1 0.14453125 0.5847222222222223 0.0671875 0.18055555555555555
1 0.89765625 0.3472222222222222 0.0671875 0.12777777777777777
1 0.07890625 0.5902777777777778 0.0671875 0.1361111111111111
1 0.24609375 0.2972222222222222 0.0390625 0.09444444444444444
1 0.746875 0.20416666666666666 0.0375 0.10277777777777777
1 0.42734375 0.8847222222222222 0.0703125 0.23055555555555557
1 0.81953125 0.2833333333333333 0.0328125 0.12777777777777777
0 0.89140625 0.3111111111111111 0.0453125 0.18333333333333332
0 0.3625 0.1361111111111111 0.03125 0.1111111111111111
0 0.81875 0.2388888888888889 0.034375 0.18333333333333332
0 0.42890625 0.7958333333333333 0.0671875 0.33611111111111114
0 0.24609375 0.24305555555555555 0.0421875 0.125
0 0.74609375 0.14027777777777778 0.0390625 0.10833333333333334
0 0.07265625 0.5375 0.0671875 0.19722222222222222
0 0.14453125 0.5416666666666666 0.0703125 0.2111111111111111
