1 0.8203125 0.21388888888888888 0.075 0.1
1 0.28828125 0.8125 0.1359375 0.18611111111111112
1 0.7546875 0.2777777777777778 0.03125 0.09444444444444444
1 0.65703125 0.1986111111111111 0.0265625 0.058333333333333334
1 0.5234375 0.24583333333333332 0.025 0.05277777777777778
1 0.9015625 0.475 0.0375 0.1111111111111111
1 0.75625 0.3 0.025 0.06111111111111111
2 0.4078125 0.3888888888888889 0.04375 0.1
2 0.7203125 0.14027777777777778 0.0375 0.058333333333333334
2 0.434375 0.30416666666666664 0.059375 0.075
1 0.3609375 0.6458333333333334 0.06875 0.11388888888888889
0 0.34921875 0.5916666666666667 0.0453125 0.15
0 0.896875 0.4166666666666667 0.03125 0.1111111111111111
0 0.75546875 0.2791666666666667 0.0265625 0.06944444444444445
