1 0.02421875 0.8555555555555555 0.0484375 0.28888888888888886
1 0.18828125 0.6083333333333333 0.2328125 0.4166666666666667
3 0.18828125 0.6083333333333333 0.2328125 0.4166666666666667
1 0.26640625 0.23333333333333334 0.0421875 0.08888888888888889
1 0.33359375 0.24444444444444444 0.0421875 0.1
1 0.484375 0.1986111111111111 0.0375 0.09722222222222222
1 0.70859375 0.17916666666666667 0.0359375 0.13055555555555556
2 0.60234375 0.09444444444444444 0.0765625 0.08333333333333333
2 0.76328125 0.10972222222222222 0.0953125 0.125
1 0.58203125 0.7194444444444444 0.0640625 0.18888888888888888
0 0.95390625 0.18194444444444444 0.0265625 0.1638888888888889
0 0.715625 0.14722222222222223 0.03125 0.14444444444444443
0 0.484375 0.14444444444444443 0.040625 0.13333333333333333
0 0.27109375 0.20694444444444443 0.0421875 0.11944444444444445
0 0.92734375 0.18194444444444444 0.0328125 0.1638888888888889
0 0.334375 0.20277777777777778 0.040625 0.1388888888888889
0 0.5828125 0.6277777777777778 0.0625 0.23333333333333334
