1 0.74921875 0.475 0.1390625 0.25
1 0.40703125 0.675 0.0859375 0.22777777777777777
1 0.95234375 0.3375 0.0671875 0.075
1 0.47890625 0.375 0.0203125 0.07222222222222222
1 0.49296875 0.8888888888888888 0.0453125 0.08888888888888889
1 0.66328125 0.3472222222222222 0.0203125 0.06111111111111111
1 0.646875 0.24861111111111112 0.021875 0.05277777777777778
1 0.753125 0.2763888888888889 0.028125 0.06388888888888888
1 0.6875 0.2777777777777778 0.021875 0.06111111111111111
1 0.8171875 0.4166666666666667 0.0375 0.09444444444444444
2 0.71953125 0.1388888888888889 0.0328125 0.05
2 0.74921875 0.475 0.1390625 0.25
2 0.6765625 0.09861111111111111 0.03125 0.04722222222222222
2 0.4078125 0.39166666666666666 0.040625 0.09444444444444444
2 0.43046875 0.3194444444444444 0.0484375 0.08333333333333333
2 0.53671875 0.26944444444444443 0.0453125 0.07777777777777778
2 0.52890625 0.6222222222222222 0.1015625 0.18888888888888888
0 0.37109375 0.9305555555555556 0.0390625 0.12222222222222222
0 0.66328125 0.3472222222222222 0.0203125 0.06111111111111111
0 0.68203125 0.2111111111111111 0.0203125 0.044444444444444446
0 0.296875 0.6444444444444445 0.028125 0.06111111111111111
0 0.8109375 0.3541666666666667 0.025 0.05277777777777778
0 0.47421875 0.7861111111111111 0.0421875 0.1111111111111111
0 0.33671875 0.925 0.0515625 0.15
