1 0.234375 0.2611111111111111 0.1 0.2111111111111111
1 0.8421875 0.3138888888888889 0.0875 0.2777777777777778
1 0.7171875 0.2652777777777778 0.1 0.25277777777777777
3 0.234375 0.2611111111111111 0.1 0.2111111111111111
1 0.8234375 0.09444444444444444 0.03125 0.08888888888888889
1 0.90703125 0.1375 0.0328125 0.125
1 0.56875 0.31666666666666665 0.040625 0.13333333333333333
1 0.09296875 0.5819444444444445 0.0609375 0.1361111111111111
1 0.20234375 0.8555555555555555 0.0734375 0.24444444444444444
1 0.35 0.8777777777777778 0.075 0.22777777777777777
2 0.49765625 0.11527777777777778 0.0359375 0.10277777777777777
0 0.80078125 0.6569444444444444 0.0453125 0.125
0 0.39375 0.1736111111111111 0.034375 0.11388888888888889
0 0.56875 0.2763888888888889 0.040625 0.1638888888888889
0 0.7890625 0.8208333333333333 0.075 0.30833333333333335
0 0.90703125 0.1125 0.0328125 0.13055555555555556
0 0.09296875 0.48194444444444445 0.0609375 0.11388888888888889
0 0.2140625 0.7486111111111111 0.075 0.20833333333333334
0 0.3421875 0.7569444444444444 0.0875 0.21388888888888888
0 0.7765625 0.6125 0.05625 0.21944444444444444
