1 0.646875 0.19583333333333333 0.090625 0.19722222222222222
3 0.646875 0.19583333333333333 0.090625 0.19722222222222222
1 0.7625 0.23333333333333334 0.01875 0.05555555555555555
1 0.9015625 0.41388888888888886 0.034375 0.1
2 0.46875 0.26944444444444443 0.025 0.03888888888888889
2 0.5453125 0.14166666666666666 0.021875 0.03888888888888889
2 0.52265625 0.26944444444444443 0.0421875 0.05555555555555555
2 0.40625 0.4013888888888889 0.04375 0.08055555555555556
2 0.428125 0.3194444444444444 0.053125 0.07777777777777778
2 0.67578125 0.1 0.0359375 0.05
2 0.71953125 0.14027777777777778 0.0359375 0.05277777777777778
0 0.29609375 0.6444444444444445 0.0265625 0.06111111111111111
0 0.46484375 0.5513888888888889 0.0359375 0.10277777777777777
0 0.36171875 0.6069444444444444 0.0421875 0.10277777777777777
0 0.44609375 0.46111111111111114 0.0328125 0.08888888888888889
0 0.89921875 0.3763888888888889 0.0296875 0.11944444444444445
