1 0.56796875 0.3486111111111111 0.0421875 0.10833333333333334
1 0.0546875 0.45 0.0625 0.08888888888888889
1 0.5140625 0.12916666666666668 0.0375 0.09722222222222222
1 0.40078125 0.3111111111111111 0.0421875 0.1
1 0.27109375 0.2791666666666667 0.0484375 0.11388888888888889
1 0.784375 0.17777777777777778 0.0375 0.1111111111111111
1 0.04453125 0.6791666666666667 0.0796875 0.21388888888888888
1 0.77421875 0.5111111111111111 0.0359375 0.1388888888888889
1 0.56796875 0.3486111111111111 0.0421875 0.10833333333333334
1 0.15859375 0.2791666666666667 0.0390625 0.10277777777777777
0 0.5859375 0.10833333333333334 0.03125 0.1111111111111111
0 0.034375 0.6180555555555556 0.065625 0.20833333333333334
0 0.5125 0.11388888888888889 0.0375 0.10555555555555556
0 0.27109375 0.24722222222222223 0.0453125 0.15
0 0.565625 0.28194444444444444 0.046875 0.14166666666666666
0 0.78359375 0.14583333333333334 0.0359375 0.11388888888888889
0 0.775 0.44583333333333336 0.046875 0.23055555555555557
0 0.05390625 0.38055555555555554 0.0671875 0.15
0 0.1578125 0.2388888888888889 0.0375 0.15555555555555556
0 0.39921875 0.27361111111111114 0.0453125 0.14166666666666666
0 0.8234375 0.4930555555555556 0.05625 0.28055555555555556
