1 0.7515625 0.27361111111111114 0.01875 0.06388888888888888
1 0.66171875 0.1361111111111111 0.0109375 0.044444444444444446
1 0.9484375 0.31666666666666665 0.075 0.08888888888888889
1 0.79921875 0.2361111111111111 0.0359375 0.05
1 0.55 0.175 0.0125 0.03333333333333333
1 0.82265625 0.2777777777777778 0.0234375 0.05555555555555555
2 0.40859375 0.3861111111111111 0.0421875 0.1
2 0.67734375 0.10138888888888889 0.0296875 0.041666666666666664
2 0.5140625 0.20694444444444443 0.03125 0.058333333333333334
2 0.3953125 0.4083333333333333 0.065625 0.1111111111111111
2 0.71875 0.14305555555555555 0.03125 0.05277777777777778
2 0.4671875 0.2652777777777778 0.03125 0.04722222222222222
2 0.4390625 0.2986111111111111 0.04375 0.06944444444444445
1 0.3578125 0.7902777777777777 0.034375 0.10833333333333334
0 0.33671875 0.7180555555555556 0.0765625 0.23055555555555557
0 0.31171875 0.6486111111111111 0.0453125 0.125
0 0.66171875 0.1361111111111111 0.0109375 0.044444444444444446
