1 0.4734375 0.9277777777777778 0.140625 0.11666666666666667
1 0.27421875 0.8027777777777778 0.0859375 0.18888888888888888
1 0.55546875 0.6861111111111111 0.0421875 0.12222222222222222
1 0.8203125 0.2152777777777778 0.075 0.09722222222222222
1 0.4078125 0.6097222222222223 0.034375 0.11388888888888889
1 0.37109375 0.8263888888888888 0.0453125 0.10277777777777777
1 0.56015625 0.7194444444444444 0.0390625 0.10555555555555556
1 0.83671875 0.7138888888888889 0.0453125 0.13333333333333333
1 0.52734375 0.34305555555555556 0.0265625 0.06388888888888888
2 0.540625 0.20694444444444443 0.0375 0.05277777777777778
2 0.678125 0.10277777777777777 0.025 0.03888888888888889
2 0.46875 0.25 0.03125 0.06111111111111111
2 0.4078125 0.3875 0.04375 0.10277777777777777
2 0.46328125 0.6958333333333333 0.1078125 0.2361111111111111
2 0.72109375 0.14027777777777778 0.0296875 0.05277777777777778
2 0.43828125 0.3 0.0453125 0.07222222222222222
0 0.82109375 0.5888888888888889 0.0421875 0.10555555555555556
0 0.52421875 0.3194444444444444 0.0234375 0.05555555555555555
0 0.83046875 0.6180555555555556 0.0546875 0.14722222222222223
0 0.40625 0.5958333333333333 0.0375 0.11944444444444445
0 0.5546875 0.6486111111111111 0.04375 0.11944444444444445
0 0.36796875 0.7583333333333333 0.0546875 0.14444444444444443
