1 0.43125 0.6819444444444445 0.10625 0.24722222222222223
1 0.91640625 0.7305555555555555 0.1421875 0.3388888888888889
1 0.8203125 0.2152777777777778 0.075 0.08611111111111111
1 0.78515625 0.33611111111111114 0.0265625 0.06666666666666667
1 0.48671875 0.9583333333333334 0.0609375 0.08333333333333333
1 0.8859375 0.40694444444444444 0.059375 0.09166666666666666
1 0.9515625 0.3388888888888889 0.071875 0.07777777777777778
1 0.68046875 0.16805555555555557 0.0203125 0.04722222222222222
1 0.74765625 0.44027777777777777 0.0359375 0.09166666666666666
1 0.5046875 0.3486111111111111 0.021875 0.06388888888888888
1 0.715625 0.24444444444444444 0.025 0.06666666666666667
2 0.43203125 0.2986111111111111 0.0578125 0.08055555555555556
2 0.53515625 0.6097222222222223 0.1140625 0.23055555555555557
0 0.78125 0.28055555555555556 0.021875 0.05555555555555555
0 0.74140625 0.38333333333333336 0.0359375 0.09444444444444444
0 0.2625 0.7583333333333333 0.040625 0.16111111111111112
0 0.33359375 0.5208333333333334 0.0265625 0.13055555555555556
0 0.8765625 0.3375 0.028125 0.06388888888888888
0 0.47265625 0.8625 0.0609375 0.11944444444444445
0 0.78359375 0.30972222222222223 0.0296875 0.10277777777777777
