1 0.5546875 0.5111111111111111 0.03125 0.1111111111111111
1 0.67578125 0.1763888888888889 0.0234375 0.058333333333333334
1 0.6390625 0.20972222222222223 0.015625 0.058333333333333334
1 0.9515625 0.3375 0.078125 0.08055555555555556
1 0.73515625 0.23472222222222222 0.0171875 0.06388888888888888
1 0.6875 0.30694444444444446 0.034375 0.06388888888888888
2 0.39609375 0.9486111111111111 0.1171875 0.10277777777777777
2 0.72421875 0.14444444444444443 0.0296875 0.044444444444444446
2 0.5296875 0.31666666666666665 0.046875 0.10555555555555556
2 0.74140625 0.14722222222222223 0.0453125 0.05
2 0.43828125 0.3 0.0453125 0.06666666666666667
2 0.6765625 0.1125 0.03125 0.03611111111111111
0 0.6875 0.2708333333333333 0.028125 0.05277777777777778
0 0.7328125 0.21944444444444444 0.01875 0.06666666666666667
0 0.27265625 0.8847222222222222 0.0546875 0.1527777777777778
0 0.52109375 0.7597222222222222 0.0546875 0.11944444444444445
0 0.6390625 0.20972222222222223 0.015625 0.058333333333333334
0 0.553125 0.4888888888888889 0.034375 0.10555555555555556
