1 0.95234375 0.3388888888888889 0.0734375 0.07777777777777778
1 0.5171875 0.5444444444444444 0.0375 0.11666666666666667
1 0.7828125 0.30833333333333335 0.03125 0.06666666666666667
2 0.46640625 0.26666666666666666 0.0328125 0.044444444444444446
2 0.665625 0.16944444444444445 0.03125 0.05
2 0.6765625 0.10138888888888889 0.0375 0.04722222222222222
2 0.7203125 0.1375 0.034375 0.05277777777777778
2 0.43125 0.30416666666666664 0.05625 0.06944444444444445
2 0.6234375 0.20694444444444443 0.05 0.08611111111111111
2 0.534375 0.2833333333333333 0.053125 0.09444444444444444
0 0.49296875 0.1763888888888889 0.0109375 0.041666666666666664
0 0.50390625 0.17222222222222222 0.0109375 0.044444444444444446
0 0.42734375 0.44166666666666665 0.0171875 0.07777777777777778
0 0.78046875 0.2763888888888889 0.0265625 0.05277777777777778
0 0.5359375 0.17916666666666667 0.015625 0.041666666666666664
0 0.51640625 0.5263888888888889 0.0390625 0.10833333333333334
