1 0.3609375 0.6111111111111112 0.040625 0.1
1 0.6828125 0.18194444444444444 0.01875 0.04722222222222222
1 0.978125 0.44583333333333336 0.040625 0.11388888888888889
1 0.84375 0.4125 0.0375 0.09722222222222222
1 0.740625 0.48194444444444445 0.040625 0.11944444444444445
2 0.53203125 0.40555555555555556 0.0484375 0.11666666666666667
2 0.3953125 0.4027777777777778 0.0625 0.09444444444444444
2 0.359375 0.8708333333333333 0.134375 0.25833333333333336
2 0.53125 0.2708333333333333 0.034375 0.05277777777777778
2 0.6765625 0.1 0.0375 0.05
2 0.42734375 0.32222222222222224 0.0484375 0.07222222222222222
2 0.7203125 0.1388888888888889 0.040625 0.05555555555555555
2 0.50859375 0.6125 0.1015625 0.18611111111111112
0 0.5203125 0.8986111111111111 0.034375 0.11944444444444445
0 0.7328125 0.41944444444444445 0.028125 0.05555555555555555
0 0.51484375 0.9625 0.0640625 0.075
0 0.48984375 0.8861111111111111 0.0734375 0.17777777777777778
0 0.4703125 0.4527777777777778 0.025 0.08333333333333333
0 0.76015625 0.23472222222222222 0.0203125 0.06944444444444445
0 0.73828125 0.45 0.0390625 0.11666666666666667
0 0.84140625 0.375 0.0359375 0.08888888888888889
0 0.97578125 0.4166666666666667 0.0390625 0.10555555555555556
