1 0.54375 0.27361111111111114 0.015625 0.041666666666666664
1 0.95234375 0.3402777777777778 0.0765625 0.08055555555555556
1 0.77421875 0.3375 0.0328125 0.09722222222222222
1 0.52109375 0.3416666666666667 0.0234375 0.06111111111111111
1 0.49140625 0.30833333333333335 0.0203125 0.05
2 0.47265625 0.2513888888888889 0.0296875 0.04722222222222222
2 0.7171875 0.1388888888888889 0.03125 0.05
2 0.4078125 0.3888888888888889 0.046875 0.08888888888888889
2 0.6765625 0.1 0.034375 0.05
2 0.43828125 0.2986111111111111 0.0484375 0.06388888888888888
2 0.66171875 0.20694444444444443 0.0515625 0.08611111111111111
0 0.49140625 0.30833333333333335 0.0203125 0.05
0 0.55 0.2388888888888889 0.01875 0.05
