1 0.88203125 0.2722222222222222 0.0390625 0.16666666666666666
1 0.9296875 0.16944444444444445 0.0375 0.1
1 0.6890625 0.2 0.034375 0.1
1 0.8 0.2388888888888889 0.040625 0.12222222222222222
1 0.77109375 0.5152777777777777 0.0515625 0.1527777777777778
1 0.5796875 0.4444444444444444 0.04375 0.12222222222222222
0 0.79921875 0.2125 0.0421875 0.14166666666666666
0 0.78515625 0.10694444444444444 0.0390625 0.09166666666666666
0 0.7703125 0.4097222222222222 0.059375 0.125
0 0.93125 0.10833333333333334 0.028125 0.06111111111111111
0 0.93125 0.14444444444444443 0.034375 0.1111111111111111
0 0.7671875 0.4666666666666667 0.0625 0.20555555555555555
0 0.88046875 0.24583333333333332 0.0421875 0.15833333333333333
0 0.86171875 0.1111111111111111 0.0390625 0.1
0 0.69453125 0.17222222222222222 0.0359375 0.12777777777777777
0 0.296875 0.2013888888888889 0.040625 0.11944444444444445
0 0.5796875 0.375 0.046875 0.19444444444444445
