3 0.7203125 0.31666666666666665 0.165625 0.35
2 0.40703125 0.3902777777777778 0.0421875 0.09722222222222222
2 0.42890625 0.31805555555555554 0.0484375 0.075
2 0.72109375 0.14027777777777778 0.0359375 0.04722222222222222
2 0.6765625 0.10138888888888889 0.03125 0.041666666666666664
0 0.37578125 0.49166666666666664 0.0359375 0.11666666666666667
0 0.4515625 0.6875 0.046875 0.125
0 0.36171875 0.5944444444444444 0.0390625 0.1111111111111111
0 0.51640625 0.3472222222222222 0.0265625 0.07222222222222222
0 0.46640625 0.375 0.0203125 0.07222222222222222
