1 0.95234375 0.3388888888888889 0.0703125 0.07777777777777778
1 0.546875 0.23472222222222222 0.01875 0.04722222222222222
1 0.825 0.37083333333333335 0.034375 0.09722222222222222
1 0.5046875 0.4111111111111111 0.021875 0.06111111111111111
2 0.5078125 0.31527777777777777 0.0375 0.04722222222222222
2 0.46640625 0.26805555555555555 0.0296875 0.041666666666666664
2 0.40703125 0.3875 0.0453125 0.08611111111111111
2 0.6765625 0.10138888888888889 0.03125 0.041666666666666664
2 0.7171875 0.1388888888888889 0.028125 0.05555555555555555
2 0.43828125 0.3 0.0453125 0.06666666666666667
0 0.50390625 0.3888888888888889 0.0234375 0.07222222222222222
0 0.8234375 0.3458333333333333 0.034375 0.10833333333333334
