1 0.91171875 0.10555555555555556 0.0359375 0.1
1 0.2640625 0.2388888888888889 0.0375 0.10555555555555556
1 0.08359375 0.4097222222222222 0.0484375 0.11388888888888889
1 0.0703125 0.6263888888888889 0.065625 0.1361111111111111
2 0.8125 0.044444444444444446 0.065625 0.06666666666666667
2 0.5328125 0.3861111111111111 0.1375 0.21666666666666667
2 0.6890625 0.2013888888888889 0.1125 0.20277777777777778
1 0.815625 0.6208333333333333 0.034375 0.14722222222222223
0 0.4828125 0.10833333333333334 0.034375 0.09444444444444444
0 0.91171875 0.08194444444444444 0.0390625 0.09166666666666666
0 0.5546875 0.22083333333333333 0.0375 0.08055555555555556
0 0.021875 0.24444444444444444 0.03125 0.15
0 0.07421875 0.5555555555555556 0.0703125 0.15555555555555556
0 0.26328125 0.20833333333333334 0.0359375 0.12222222222222222
0 0.0828125 0.37777777777777777 0.05 0.13333333333333333
0 0.815625 0.5472222222222223 0.053125 0.25555555555555554
