1 0.3625 0.6111111111111112 0.0375 0.1
1 0.5046875 0.31666666666666665 0.025 0.06111111111111111
1 0.47265625 0.75 0.0421875 0.08888888888888889
1 0.66875 0.19722222222222222 0.01875 0.044444444444444446
1 0.52265625 0.24305555555555555 0.0171875 0.041666666666666664
1 0.50859375 0.33611111111111114 0.0203125 0.05
2 0.609375 0.17083333333333334 0.0375 0.058333333333333334
2 0.6765625 0.09861111111111111 0.03125 0.04722222222222222
2 0.72109375 0.1388888888888889 0.0359375 0.05
2 0.53125 0.45555555555555555 0.06875 0.1388888888888889
2 0.42890625 0.32083333333333336 0.0484375 0.08055555555555556
2 0.4078125 0.4027777777777778 0.04375 0.09444444444444444
0 0.4734375 0.2847222222222222 0.015625 0.05277777777777778
0 0.296875 0.6430555555555556 0.028125 0.06388888888888888
0 0.3625 0.6111111111111112 0.0375 0.1
0 0.5046875 0.31666666666666665 0.025 0.06111111111111111
0 0.978125 0.5986111111111111 0.04375 0.125
0 0.46875 0.6861111111111111 0.046875 0.12777777777777777
0 0.28359375 0.9291666666666667 0.0546875 0.14166666666666666
