1 0.46640625 0.7388888888888889 0.1609375 0.4722222222222222
1 0.06015625 0.5041666666666667 0.1203125 0.2361111111111111
1 0.309375 0.18055555555555555 0.09375 0.18888888888888888
3 0.0625 0.20833333333333334 0.125 0.23333333333333334
1 0.7796875 0.33611111111111114 0.034375 0.1111111111111111
1 0.28046875 0.8083333333333333 0.0671875 0.2222222222222222
1 0.56328125 0.34444444444444444 0.0484375 0.12222222222222222
1 0.7171875 0.9319444444444445 0.065625 0.1361111111111111
2 0.059375 0.4875 0.11875 0.2361111111111111
2 0.48984375 0.09444444444444444 0.0609375 0.08333333333333333
0 0.7703125 0.24722222222222223 0.034375 0.1111111111111111
0 0.29140625 0.6875 0.0765625 0.18055555555555555
0 0.5625 0.28055555555555556 0.04375 0.12777777777777777
0 0.8578125 0.3861111111111111 0.05 0.14444444444444443
0 0.86328125 0.5472222222222223 0.0609375 0.2222222222222222
0 0.7171875 0.8541666666666666 0.084375 0.24722222222222223
