1 0.36015625 0.2111111111111111 0.0765625 0.18333333333333332
1 0.8109375 0.07916666666666666 0.025 0.06944444444444445
1 0.24453125 0.24166666666666667 0.0421875 0.09444444444444444
1 0.86015625 0.06527777777777778 0.0234375 0.04722222222222222
1 0.69453125 0.17222222222222222 0.0359375 0.10555555555555556
1 0.078125 0.44722222222222224 0.06875 0.12777777777777777
1 0.7765625 0.38333333333333336 0.04375 0.12777777777777777
2 0.33515625 0.6222222222222222 0.2453125 0.3111111111111111
1 0.24453125 0.24166666666666667 0.0421875 0.09444444444444444
0 0.0234375 0.23194444444444445 0.03125 0.1638888888888889
0 0.06953125 0.4125 0.0703125 0.1638888888888889
0 0.7734375 0.30972222222222223 0.040625 0.1361111111111111
0 0.5296875 0.16805555555555557 0.0375 0.125
0 0.6953125 0.14166666666666666 0.03125 0.13333333333333333
0 0.24296875 0.20416666666666666 0.0390625 0.1361111111111111
0 0.37265625 0.3875 0.0359375 0.16944444444444445
