1 0.85078125 0.42083333333333334 0.0359375 0.10277777777777777
1 0.52578125 0.24305555555555555 0.0171875 0.041666666666666664
1 0.471875 0.5472222222222223 0.034375 0.1
1 0.5296875 0.20694444444444443 0.01875 0.041666666666666664
1 0.62890625 0.275 0.0203125 0.06111111111111111
2 0.40703125 0.4013888888888889 0.0421875 0.08611111111111111
2 0.71953125 0.14027777777777778 0.0328125 0.05277777777777778
2 0.471875 0.7611111111111111 0.121875 0.2722222222222222
0 0.83828125 0.35 0.0234375 0.05555555555555555
0 0.62890625 0.275 0.0203125 0.06111111111111111
0 0.5328125 0.17777777777777778 0.015625 0.03888888888888889
0 0.46875 0.5263888888888889 0.034375 0.09722222222222222
0 0.56796875 0.8513888888888889 0.0515625 0.1527777777777778
0 0.49453125 0.2791666666666667 0.0171875 0.058333333333333334
