1 0.65703125 0.13472222222222222 0.0109375 0.041666666666666664
1 0.9515625 0.3388888888888889 0.06875 0.07777777777777778
1 0.5453125 0.2375 0.01875 0.04722222222222222
1 0.7984375 0.2361111111111111 0.03125 0.044444444444444446
1 0.85546875 0.4041666666666667 0.0421875 0.08611111111111111
1 0.821875 0.2763888888888889 0.021875 0.04722222222222222
2 0.3953125 0.4111111111111111 0.065625 0.1111111111111111
2 0.678125 0.10277777777777777 0.03125 0.044444444444444446
2 0.71953125 0.1388888888888889 0.0359375 0.05
2 0.4390625 0.3 0.04375 0.07222222222222222
0 0.85234375 0.34444444444444444 0.0265625 0.06111111111111111
0 0.7203125 0.2111111111111111 0.01875 0.06111111111111111
0 0.2859375 0.7125 0.04375 0.14166666666666666
