1 0.46484375 0.5819444444444445 0.0390625 0.10833333333333334
1 0.5453125 0.275 0.01875 0.05
2 0.49453125 0.17222222222222222 0.0265625 0.044444444444444446
2 0.39609375 0.4097222222222222 0.0640625 0.10833333333333334
2 0.721875 0.1388888888888889 0.03125 0.05
2 0.42890625 0.32083333333333336 0.0484375 0.08055555555555556
0 0.52421875 0.24722222222222223 0.0171875 0.05
0 0.80078125 0.24583333333333332 0.0265625 0.06944444444444445
0 0.5125 0.24444444444444444 0.01875 0.05555555555555555
0 0.46328125 0.5555555555555556 0.0390625 0.11666666666666667
0 0.453125 0.7972222222222223 0.05625 0.15
0 0.39765625 0.6111111111111112 0.0359375 0.13333333333333333
