1 0.61875 0.8819444444444444 0.178125 0.21944444444444444
1 0.36796875 0.4597222222222222 0.1734375 0.425
1 0.16484375 0.7180555555555556 0.2546875 0.4638888888888889
1 0.21953125 0.35138888888888886 0.0453125 0.10277777777777777
1 0.1765625 0.30833333333333335 0.04375 0.10555555555555556
1 0.76484375 0.10833333333333334 0.0328125 0.1
2 0.81328125 0.075 0.0703125 0.06666666666666667
2 0.5640625 0.11666666666666667 0.1125 0.11666666666666667
1 0.6984375 0.5805555555555556 0.065625 0.15
0 0.95234375 0.18333333333333332 0.0296875 0.15555555555555556
0 0.39921875 0.24027777777777778 0.0453125 0.11944444444444445
0 0.3875 0.17777777777777778 0.0375 0.1111111111111111
0 0.17890625 0.275 0.0453125 0.1388888888888889
0 0.928125 0.18194444444444444 0.034375 0.1638888888888889
0 0.2203125 0.3013888888888889 0.046875 0.15833333333333333
0 0.69921875 0.4888888888888889 0.0578125 0.22777777777777777
