1 0.565625 0.2111111111111111 0.01875 0.044444444444444446
1 0.4953125 0.24444444444444444 0.015625 0.05
1 0.83125 0.2152777777777778 0.071875 0.09166666666666666
1 0.6578125 0.16666666666666666 0.01875 0.044444444444444446
1 0.72578125 0.2791666666666667 0.0453125 0.08611111111111111
1 0.5328125 0.20972222222222223 0.01875 0.041666666666666664
1 0.71640625 0.37777777777777777 0.0328125 0.09444444444444444
1 0.65625 0.2388888888888889 0.021875 0.06111111111111111
1 0.95625 0.5875 0.05 0.14166666666666666
2 0.39765625 0.4041666666666667 0.0703125 0.10277777777777777
2 0.72109375 0.1388888888888889 0.0359375 0.05555555555555555
2 0.43828125 0.30277777777777776 0.0453125 0.07222222222222222
0 0.471875 0.2777777777777778 0.01875 0.05555555555555555
0 0.33359375 0.5194444444444445 0.0328125 0.13333333333333333
0 0.34375 0.6555555555555556 0.034375 0.13333333333333333
0 0.953125 0.5194444444444445 0.046875 0.1388888888888889
