1 0.44765625 0.37222222222222223 0.0203125 0.06111111111111111
1 0.64609375 0.20277777777777778 0.0171875 0.05
1 0.44921875 0.6194444444444445 0.0359375 0.1111111111111111
1 0.86640625 0.8666666666666667 0.0671875 0.2
2 0.67734375 0.1 0.0328125 0.044444444444444446
2 0.6796875 0.20555555555555555 0.034375 0.05555555555555555
2 0.5421875 0.4486111111111111 0.065625 0.14722222222222223
2 0.40625 0.4013888888888889 0.040625 0.09722222222222222
2 0.72109375 0.1388888888888889 0.0390625 0.05555555555555555
2 0.53046875 0.31527777777777777 0.0546875 0.08055555555555556
2 0.4390625 0.3 0.046875 0.06666666666666667
0 0.11015625 0.6944444444444444 0.0359375 0.08888888888888889
0 0.86328125 0.8152777777777778 0.0671875 0.21388888888888888
0 0.98984375 0.6916666666666667 0.0171875 0.18888888888888888
0 0.4453125 0.5875 0.0375 0.11388888888888889
