1 0.83046875 0.21944444444444444 0.0703125 0.08888888888888889
1 0.278125 0.8055555555555556 0.1125 0.17777777777777778
1 0.5484375 0.1986111111111111 0.0125 0.03611111111111111
1 0.9828125 0.5847222222222223 0.028125 0.125
1 0.87421875 0.4708333333333333 0.0359375 0.10277777777777777
1 0.68203125 0.20416666666666666 0.0203125 0.05277777777777778
1 0.78515625 0.3416666666666667 0.0328125 0.08888888888888889
1 0.64375 0.2763888888888889 0.021875 0.058333333333333334
1 0.51484375 0.3125 0.0234375 0.058333333333333334
1 0.8953125 0.8027777777777778 0.06875 0.2
2 0.71953125 0.1388888888888889 0.0359375 0.05555555555555555
2 0.4078125 0.4013888888888889 0.04375 0.09166666666666666
2 0.4390625 0.3013888888888889 0.04375 0.06944444444444445
0 0.37890625 0.5097222222222222 0.0390625 0.10277777777777777
0 0.640625 0.24861111111111112 0.01875 0.04722222222222222
0 0.85859375 0.3819444444444444 0.0234375 0.05277777777777778
0 0.49609375 0.2388888888888889 0.0171875 0.044444444444444446
0 0.86796875 0.41805555555555557 0.0359375 0.11944444444444445
0 0.78125 0.30833333333333335 0.021875 0.05555555555555555
0 0.93046875 0.3486111111111111 0.0359375 0.11388888888888889
0 0.9828125 0.5458333333333333 0.028125 0.15833333333333333
0 0.89453125 0.37083333333333335 0.0234375 0.125
0 0.89296875 0.7347222222222223 0.0703125 0.23055555555555557
