1 0.30390625 0.24166666666666667 0.0609375 0.17777777777777778
1 0.359375 0.16527777777777777 0.034375 0.09722222222222222
1 0.75703125 0.24444444444444444 0.0359375 0.12222222222222222
1 0.6078125 0.3458333333333333 0.040625 0.10833333333333334
1 0.38046875 0.5527777777777778 0.0671875 0.15555555555555556
2 0.9296875 0.07222222222222222 0.0625 0.07777777777777778
2 0.534375 0.12222222222222222 0.115625 0.15
2 0.09921875 0.5944444444444444 0.1984375 0.2777777777777778
0 0.959375 0.4388888888888889 0.0375 0.19444444444444445
0 0.30234375 0.24027777777777778 0.0484375 0.15833333333333333
0 0.29765625 0.1736111111111111 0.0390625 0.14722222222222223
0 0.3578125 0.11805555555555555 0.034375 0.11388888888888889
0 0.60859375 0.3125 0.0390625 0.1361111111111111
0 0.37421875 0.44722222222222224 0.0453125 0.13333333333333333
0 0.75859375 0.2152777777777778 0.0359375 0.1361111111111111
