1 0.68359375 0.2125 0.0390625 0.09166666666666666
1 0.6390625 0.1736111111111111 0.015625 0.04722222222222222
1 0.50546875 0.24444444444444444 0.0265625 0.05555555555555555
1 0.63828125 0.24444444444444444 0.0203125 0.06111111111111111
1 0.6859375 0.2361111111111111 0.03125 0.06111111111111111
1 0.82890625 0.38333333333333336 0.0390625 0.1
2 0.39765625 0.4083333333333333 0.0671875 0.1111111111111111
2 0.721875 0.14027777777777778 0.0375 0.058333333333333334
2 0.434375 0.2986111111111111 0.05625 0.08055555555555556
1 0.375 0.5805555555555556 0.08125 0.10555555555555556
0 0.35703125 0.5333333333333333 0.0703125 0.18888888888888888
0 0.82109375 0.32222222222222224 0.0265625 0.05555555555555555
0 0.90078125 0.19583333333333333 0.0171875 0.08055555555555556
0 0.82890625 0.3527777777777778 0.0359375 0.1111111111111111
