1 0.528125 0.34305555555555556 0.021875 0.06388888888888888
1 0.64765625 0.21666666666666667 0.0203125 0.05
1 0.79609375 0.30694444444444446 0.0421875 0.08055555555555556
1 0.73984375 0.4041666666666667 0.0359375 0.09166666666666666
1 0.4953125 0.6166666666666667 0.040625 0.10555555555555556
2 0.70859375 0.24305555555555555 0.0453125 0.11388888888888889
2 0.72421875 0.14444444444444443 0.0296875 0.05
2 0.54140625 0.2013888888888889 0.0328125 0.04722222222222222
2 0.7421875 0.15 0.040625 0.05555555555555555
2 0.396875 0.3888888888888889 0.0625 0.12222222222222222
2 0.43984375 0.2986111111111111 0.0453125 0.075
0 0.4859375 0.23472222222222222 0.015625 0.041666666666666664
0 0.30078125 0.7847222222222222 0.0484375 0.16944444444444445
0 0.51171875 0.24305555555555555 0.0140625 0.041666666666666664
0 0.6375 0.16666666666666666 0.0125 0.044444444444444446
0 0.7359375 0.3486111111111111 0.028125 0.058333333333333334
0 0.2953125 0.6458333333333334 0.040625 0.11944444444444445
0 0.528125 0.34305555555555556 0.021875 0.06388888888888888
0 0.49140625 0.5819444444444445 0.0390625 0.11388888888888889
