1 0.89765625 0.30833333333333335 0.0453125 0.12222222222222222
1 0.79921875 0.13333333333333333 0.0265625 0.07222222222222222
1 0.03359375 0.7319444444444444 0.0609375 0.20277777777777778
1 0.175 0.3736111111111111 0.04375 0.11944444444444445
1 0.5078125 0.7430555555555556 0.0625 0.23055555555555557
0 0.79765625 0.0763888888888889 0.0265625 0.05277777777777778
0 0.7984375 0.1125 0.034375 0.10277777777777777
0 0.834375 0.1361111111111111 0.03125 0.11666666666666667
0 0.89765625 0.24305555555555555 0.0421875 0.10833333333333334
0 0.3953125 0.16666666666666666 0.03125 0.1388888888888889
0 0.51015625 0.6583333333333333 0.0640625 0.26666666666666666
0 0.02890625 0.6819444444444445 0.0578125 0.20833333333333334
0 0.303125 0.17222222222222222 0.034375 0.14444444444444443
0 0.17578125 0.31527777777777777 0.0484375 0.1527777777777778
0 0.8484375 0.20694444444444443 0.03125 0.16944444444444445
0 0.2078125 0.8930555555555556 0.08125 0.19722222222222222
