1 0.2546875 0.23472222222222222 0.09375 0.20833333333333334
1 0.375 0.18333333333333332 0.10625 0.2
3 0.0671875 0.20416666666666666 0.134375 0.23055555555555557
1 0.54375 0.34305555555555556 0.040625 0.11944444444444445
1 0.75546875 0.10416666666666667 0.0265625 0.075
1 0.14375 0.4125 0.046875 0.09722222222222222
1 0.83125 0.3416666666666667 0.046875 0.12222222222222222
0 0.0234375 0.24444444444444444 0.028125 0.15555555555555556
0 0.95234375 0.20555555555555555 0.0421875 0.13333333333333333
0 0.83359375 0.2791666666666667 0.0453125 0.14166666666666666
0 0.54921875 0.2777777777777778 0.0453125 0.16666666666666666
0 0.1453125 0.35 0.05 0.16111111111111112
