1 0.85390625 0.14027777777777778 0.0734375 0.20277777777777778
1 0.71953125 0.20555555555555555 0.0421875 0.10555555555555556
1 0.77734375 0.08194444444444444 0.0265625 0.058333333333333334
1 0.48515625 0.2013888888888889 0.0421875 0.09166666666666666
1 0.63125 0.6638888888888889 0.06875 0.19444444444444445
0 0.95234375 0.5152777777777777 0.0546875 0.24722222222222223
0 0.63515625 0.5902777777777778 0.0796875 0.24722222222222223
0 0.4859375 0.16944444444444445 0.040625 0.1388888888888889
0 0.265625 0.18055555555555555 0.03125 0.14444444444444443
0 0.91640625 0.24722222222222223 0.0453125 0.18333333333333332
0 0.87265625 0.45555555555555555 0.0578125 0.2222222222222222
0 0.6203125 0.17916666666666667 0.028125 0.1527777777777778
