1 0.5453125 0.42083333333333334 0.071875 0.19166666666666668
1 0.81015625 0.375 0.0890625 0.2
1 0.484375 0.47638888888888886 0.025 0.058333333333333334
1 0.48359375 0.4486111111111111 0.0328125 0.10277777777777777
1 0.4546875 0.37083333333333335 0.025 0.058333333333333334
1 0.47734375 0.6527777777777778 0.0359375 0.10555555555555556
2 0.43671875 0.29583333333333334 0.0421875 0.075
2 0.7421875 0.14722222222222223 0.040625 0.05555555555555555
2 0.54296875 0.25555555555555554 0.0421875 0.08888888888888889
2 0.721875 0.14583333333333334 0.03125 0.058333333333333334
0 0.33359375 0.5180555555555556 0.0328125 0.1361111111111111
0 0.48359375 0.4486111111111111 0.0234375 0.075
0 0.471875 0.8625 0.053125 0.14166666666666666
0 0.47265625 0.5944444444444444 0.0421875 0.1
0 0.28359375 0.7208333333333333 0.0390625 0.15833333333333333
