1 0.77265625 0.1986111111111111 0.0796875 0.23055555555555557
1 0.43203125 0.8638888888888889 0.1953125 0.2611111111111111
1 0.65 0.2388888888888889 0.0375 0.12222222222222222
1 0.8515625 0.07361111111111111 0.021875 0.058333333333333334
1 0.81640625 0.16666666666666666 0.0328125 0.13333333333333333
1 0.52109375 0.13333333333333333 0.0421875 0.1
1 0.93125 0.17222222222222222 0.0375 0.10555555555555556
1 0.22734375 0.2652777777777778 0.0390625 0.08055555555555556
1 0.875 0.20972222222222223 0.04375 0.10277777777777777
1 0.59921875 0.49166666666666664 0.0484375 0.14444444444444443
1 0.16484375 0.8513888888888889 0.0796875 0.20833333333333334
2 0.43203125 0.8638888888888889 0.1953125 0.2611111111111111
2 0.02734375 0.7513888888888889 0.0546875 0.4027777777777778
2 0.84296875 0.4888888888888889 0.1515625 0.2722222222222222
0 0.8515625 0.07361111111111111 0.021875 0.058333333333333334
0 0.58046875 0.18194444444444444 0.0359375 0.125
0 0.6046875 0.30972222222222223 0.046875 0.11944444444444445
0 0.93125 0.14166666666666666 0.034375 0.11666666666666667
0 0.596875 0.38472222222222224 0.05625 0.10833333333333334
0 0.2265625 0.20972222222222223 0.040625 0.10833333333333334
0 0.16015625 0.7 0.0671875 0.14444444444444443
0 0.875 0.17083333333333334 0.04375 0.125
0 0.2 0.6902777777777778 0.046875 0.14166666666666666
