1 0.50859375 0.20972222222222223 0.0140625 0.04722222222222222
1 0.95390625 0.3402777777777778 0.0796875 0.08611111111111111
1 0.715625 0.3138888888888889 0.03125 0.09444444444444444
1 0.459375 0.7097222222222223 0.040625 0.11388888888888889
1 0.5421875 0.20833333333333334 0.01875 0.044444444444444446
2 0.66484375 0.16666666666666666 0.0296875 0.05555555555555555
2 0.721875 0.1388888888888889 0.034375 0.05555555555555555
2 0.4 0.3902777777777778 0.0625 0.09166666666666666
2 0.43203125 0.3013888888888889 0.0546875 0.075
0 0.7140625 0.2847222222222222 0.021875 0.04722222222222222
0 0.37421875 0.5472222222222223 0.0296875 0.12222222222222222
0 0.50859375 0.20972222222222223 0.0140625 0.04722222222222222
0 0.39609375 0.5486111111111112 0.0296875 0.10833333333333334
0 0.45703125 0.6611111111111111 0.0453125 0.12777777777777777
