1 0.95234375 0.3388888888888889 0.0765625 0.08333333333333333
1 0.66015625 0.17083333333333334 0.0171875 0.04722222222222222
1 0.5265625 0.3013888888888889 0.01875 0.041666666666666664
1 0.41796875 0.6444444444444445 0.0359375 0.1
2 0.9921875 0.6166666666666667 0.0125 0.22777777777777777
2 0.4671875 0.26944444444444443 0.028125 0.044444444444444446
2 0.4078125 0.3875 0.04375 0.09166666666666666
2 0.71640625 0.1388888888888889 0.0296875 0.05
2 0.6765625 0.1 0.034375 0.044444444444444446
2 0.61640625 0.18055555555555555 0.0421875 0.07222222222222222
2 0.43828125 0.3 0.0453125 0.06666666666666667
0 0.52890625 0.20833333333333334 0.0140625 0.044444444444444446
0 0.52578125 0.1763888888888889 0.0140625 0.04722222222222222
0 0.33515625 0.5194444444444445 0.0328125 0.1388888888888889
0 0.5234375 0.2847222222222222 0.021875 0.06388888888888888
0 0.415625 0.5944444444444444 0.040625 0.10555555555555556
