1 0.721875 0.4027777777777778 0.115625 0.2111111111111111
1 0.50234375 0.10277777777777777 0.0390625 0.07777777777777778
1 0.89765625 0.07222222222222222 0.0265625 0.05555555555555555
1 0.5796875 0.4527777777777778 0.05 0.14444444444444443
1 0.759375 0.16666666666666666 0.040625 0.1
1 0.18671875 0.7486111111111111 0.0765625 0.20277777777777778
1 0.159375 0.5861111111111111 0.04375 0.12777777777777777
0 0.75859375 0.14305555555555555 0.0390625 0.10833333333333334
0 0.71953125 0.8944444444444445 0.0859375 0.2
0 0.1875 0.6652777777777777 0.078125 0.26944444444444443
0 0.159375 0.5236111111111111 0.05625 0.23055555555555557
0 0.58046875 0.3972222222222222 0.0640625 0.19444444444444445
