1 0.32421875 0.21944444444444444 0.1015625 0.2
1 0.79296875 0.34444444444444444 0.0359375 0.12222222222222222
1 0.35078125 0.5777777777777777 0.0859375 0.15555555555555556
1 0.53359375 0.42083333333333334 0.0453125 0.1361111111111111
1 0.62578125 0.6555555555555556 0.0703125 0.19444444444444445
2 0.05078125 0.5222222222222223 0.1015625 0.25
1 0.89453125 0.10277777777777777 0.0203125 0.06666666666666667
0 0.53125 0.3458333333333333 0.046875 0.14166666666666666
0 0.9875 0.17222222222222222 0.021875 0.15
0 0.35859375 0.4888888888888889 0.0734375 0.2
0 0.7953125 0.2791666666666667 0.040625 0.1361111111111111
0 0.63125 0.5916666666666667 0.08125 0.24444444444444444
0 0.83359375 0.38333333333333336 0.0390625 0.19444444444444445
