1 0.7375 0.3375 0.0375 0.09166666666666666
1 0.6671875 0.1763888888888889 0.01875 0.04722222222222222
1 0.86953125 0.5916666666666667 0.0484375 0.14444444444444443
2 0.6828125 0.09583333333333334 0.028125 0.05277777777777778
0 0.37578125 0.4861111111111111 0.0328125 0.12777777777777777
0 0.33515625 0.5194444444444445 0.0359375 0.14444444444444443
0 0.44765625 0.3527777777777778 0.0265625 0.1111111111111111
0 0.6671875 0.1763888888888889 0.01875 0.04722222222222222
0 0.4640625 0.3819444444444444 0.01875 0.09166666666666666
0 0.4296875 0.38472222222222224 0.03125 0.10277777777777777
0 0.86015625 0.5236111111111111 0.0453125 0.125
0 0.53046875 0.7263888888888889 0.0453125 0.13055555555555556
