1 0.43046875 0.5402777777777777 0.0234375 0.058333333333333334
1 0.64453125 0.2125 0.0203125 0.041666666666666664
1 0.64765625 0.24027777777777778 0.0203125 0.05277777777777778
1 0.53515625 0.21388888888888888 0.0203125 0.05555555555555555
1 0.6546875 0.30833333333333335 0.025 0.06111111111111111
1 0.5109375 0.28194444444444444 0.03125 0.058333333333333334
1 0.3703125 0.6236111111111111 0.078125 0.09722222222222222
1 0.475 0.5805555555555556 0.0375 0.1111111111111111
2 0.39765625 0.3902777777777778 0.0640625 0.09166666666666666
2 0.6765625 0.1 0.034375 0.05
2 0.4375 0.3013888888888889 0.046875 0.06944444444444445
2 0.70859375 0.1638888888888889 0.0546875 0.07777777777777778
0 0.24296875 0.7611111111111111 0.0234375 0.07777777777777778
0 0.74140625 0.20694444444444443 0.0171875 0.06388888888888888
0 0.42578125 0.49027777777777776 0.0328125 0.10277777777777777
0 0.64453125 0.2125 0.0203125 0.041666666666666664
0 0.47109375 0.5527777777777778 0.0390625 0.1111111111111111
