1 0.47578125 0.475 0.0640625 0.15
1 0.52265625 0.26666666666666666 0.0140625 0.03333333333333333
1 0.71875 0.275 0.025 0.05555555555555555
2 0.7203125 0.1388888888888889 0.034375 0.05
2 0.6765625 0.1 0.03125 0.044444444444444446
2 0.396875 0.4013888888888889 0.059375 0.09166666666666666
2 0.42734375 0.32222222222222224 0.0484375 0.07222222222222222
0 0.76484375 0.24444444444444444 0.0234375 0.07222222222222222
0 0.359375 0.5958333333333333 0.0375 0.10833333333333334
0 0.715625 0.24444444444444444 0.025 0.05555555555555555
0 0.31953125 0.9583333333333334 0.0609375 0.08333333333333333
