1 0.8375 0.3416666666666667 0.0875 0.2722222222222222
1 0.69765625 0.31666666666666665 0.1046875 0.25555555555555554
1 0.88125 0.20833333333333334 0.034375 0.13333333333333333
1 0.809375 0.14305555555555555 0.034375 0.11388888888888889
1 0.2453125 0.4152777777777778 0.040625 0.10277777777777777
1 0.521875 0.4111111111111111 0.04375 0.13333333333333333
0 0.88203125 0.17777777777777778 0.0359375 0.12222222222222222
0 0.81640625 0.6736111111111112 0.0515625 0.25833333333333336
0 0.525 0.3486111111111111 0.046875 0.16944444444444445
0 0.24140625 0.3458333333333333 0.0421875 0.125
0 0.79609375 0.5472222222222223 0.0421875 0.1388888888888889
