1 0.5265625 0.4097222222222222 0.028125 0.10277777777777777
1 0.84140625 0.3736111111111111 0.0359375 0.09166666666666666
2 0.6765625 0.10138888888888889 0.0375 0.04722222222222222
2 0.46796875 0.26805555555555555 0.0296875 0.041666666666666664
2 0.63046875 0.2111111111111111 0.0484375 0.09444444444444444
2 0.72109375 0.1388888888888889 0.0328125 0.05555555555555555
2 0.4375 0.3 0.046875 0.06666666666666667
2 0.53515625 0.24583333333333332 0.0453125 0.06944444444444445
0 0.54140625 0.1625 0.0140625 0.041666666666666664
0 0.4890625 0.2111111111111111 0.015625 0.05
0 0.83828125 0.3458333333333333 0.0328125 0.10277777777777777
0 0.52578125 0.39166666666666666 0.0296875 0.1
0 0.41640625 0.4222222222222222 0.0359375 0.11666666666666667
0 0.83359375 0.31527777777777777 0.0296875 0.05277777777777778
