1 0.39609375 0.15138888888888888 0.0703125 0.14722222222222223
1 0.25 0.8986111111111111 0.115625 0.19166666666666668
1 0.3890625 0.9513888888888888 0.096875 0.09722222222222222
1 0.8609375 0.12777777777777777 0.040625 0.08888888888888889
1 0.534375 0.35 0.040625 0.12777777777777777
0 0.70078125 0.1361111111111111 0.0359375 0.12777777777777777
0 0.725 0.2777777777777778 0.040625 0.18333333333333332
0 0.534375 0.30972222222222223 0.04375 0.1527777777777778
0 0.23671875 0.7666666666666667 0.0734375 0.13333333333333333
0 0.38125 0.8861111111111111 0.09375 0.2
