1 0.50078125 0.35 0.0234375 0.06111111111111111
1 0.60703125 0.2013888888888889 0.0265625 0.041666666666666664
1 0.37421875 0.7972222222222223 0.0421875 0.10555555555555556
1 0.53359375 0.2777777777777778 0.0203125 0.05555555555555555
1 0.81484375 0.5152777777777777 0.0421875 0.10277777777777777
2 0.678125 0.10277777777777777 0.028125 0.03888888888888889
2 0.98125 0.6138888888888889 0.0375 0.17222222222222222
2 0.70703125 0.16805555555555557 0.0546875 0.075
2 0.43203125 0.2986111111111111 0.0578125 0.075
0 0.31875 0.6458333333333334 0.040625 0.09722222222222222
0 0.50078125 0.35 0.0234375 0.06111111111111111
0 0.81015625 0.45416666666666666 0.0421875 0.10277777777777777
0 0.1875 0.8791666666666667 0.065625 0.19722222222222222
0 0.36875 0.7208333333333333 0.05 0.11944444444444445
