1 0.6234375 0.175 0.015625 0.05
1 0.9515625 0.3375 0.075 0.08055555555555556
1 0.65 0.17777777777777778 0.021875 0.06111111111111111
1 0.8328125 0.375 0.03125 0.1111111111111111
1 0.525 0.19722222222222222 0.025 0.044444444444444446
2 0.4671875 0.26805555555555555 0.028125 0.04722222222222222
2 0.4390625 0.2986111111111111 0.04375 0.06944444444444445
0 0.259375 0.8194444444444444 0.034375 0.14444444444444443
0 0.83046875 0.3527777777777778 0.0296875 0.12777777777777777
0 0.45546875 0.7847222222222222 0.0453125 0.1361111111111111
0 0.41796875 0.9666666666666667 0.0578125 0.06666666666666667
0 0.28125 0.8291666666666667 0.046875 0.1638888888888889
0 0.3421875 0.5527777777777778 0.040625 0.12777777777777777
