1 0.9515625 0.3388888888888889 0.071875 0.07777777777777778
1 0.628125 0.18055555555555555 0.028125 0.05
1 0.68515625 0.18333333333333332 0.0234375 0.05555555555555555
1 0.86171875 0.47638888888888886 0.0421875 0.11944444444444445
1 0.92578125 0.4527777777777778 0.0671875 0.11666666666666667
1 0.67890625 0.3111111111111111 0.0234375 0.06666666666666667
1 0.78515625 0.4513888888888889 0.0359375 0.10833333333333334
2 0.54453125 0.2861111111111111 0.0484375 0.08888888888888889
2 0.50859375 0.3375 0.0671875 0.11944444444444445
2 0.43203125 0.3 0.0578125 0.07777777777777778
0 0.47109375 0.4847222222222222 0.0234375 0.058333333333333334
0 0.91015625 0.3861111111111111 0.0296875 0.06111111111111111
0 0.2609375 0.7527777777777778 0.034375 0.16666666666666666
0 0.540625 0.3527777777777778 0.021875 0.07777777777777778
0 0.67734375 0.2833333333333333 0.0234375 0.06111111111111111
0 0.334375 0.5222222222222223 0.028125 0.14444444444444443
0 0.475 0.5152777777777777 0.03125 0.10833333333333334
0 0.86171875 0.4444444444444444 0.0390625 0.14444444444444443
0 0.784375 0.41388888888888886 0.034375 0.10555555555555556
