1 0.35390625 0.5375 0.2515625 0.3138888888888889
1 0.63671875 0.8722222222222222 0.0640625 0.25555555555555554
1 0.8578125 0.06666666666666667 0.028125 0.05555555555555555
1 0.58203125 0.8194444444444444 0.0703125 0.24444444444444444
1 0.6578125 0.20277777777777778 0.040625 0.16666666666666666
1 0.82890625 0.2 0.0359375 0.1111111111111111
1 0.7734375 0.12777777777777777 0.0375 0.09444444444444444
1 0.82421875 0.4527777777777778 0.0484375 0.15
1 0.55390625 0.4222222222222222 0.0671875 0.12777777777777777
1 0.1265625 0.37777777777777777 0.046875 0.1
1 0.89453125 0.24027777777777778 0.0421875 0.11388888888888889
2 0.3015625 0.8486111111111111 0.290625 0.275
0 0.29453125 0.5125 0.0453125 0.1361111111111111
0 0.40546875 0.1388888888888889 0.0359375 0.12222222222222222
0 0.34140625 0.4861111111111111 0.0484375 0.11666666666666667
0 0.82265625 0.3763888888888889 0.0453125 0.11944444444444445
0 0.375 0.37222222222222223 0.040625 0.05555555555555555
0 0.1265625 0.30694444444444446 0.046875 0.11388888888888889
0 0.828125 0.14722222222222223 0.040625 0.1111111111111111
0 0.640625 0.8194444444444444 0.059375 0.28888888888888886
0 0.89453125 0.20277777777777778 0.0390625 0.15
0 0.58515625 0.7361111111111112 0.0734375 0.2611111111111111
