1 0.67890625 0.2 0.0828125 0.19444444444444445
3 0.67890625 0.2 0.0828125 0.19444444444444445
1 0.496875 0.44583333333333336 0.025 0.05277777777777778
1 0.53359375 0.5236111111111111 0.0296875 0.06388888888888888
1 0.53515625 0.26944444444444443 0.0234375 0.05555555555555555
1 0.51328125 0.33611111111111114 0.0234375 0.05555555555555555
2 0.396875 0.3888888888888889 0.0625 0.1
2 0.43828125 0.3 0.0453125 0.07222222222222222
2 0.74375 0.15138888888888888 0.0375 0.058333333333333334
0 0.509375 0.3194444444444444 0.025 0.05555555555555555
0 0.53125 0.24722222222222223 0.021875 0.05
0 0.32109375 0.6486111111111111 0.0453125 0.14722222222222223
0 0.471875 0.3416666666666667 0.01875 0.05555555555555555
0 0.53046875 0.48055555555555557 0.0328125 0.1
