1 0.7625 0.2361111111111111 0.015625 0.05
1 0.8625 0.34305555555555556 0.028125 0.058333333333333334
1 0.55 0.5833333333333334 0.028125 0.06111111111111111
1 0.725 0.24305555555555555 0.021875 0.058333333333333334
1 0.3609375 0.6111111111111112 0.040625 0.1
2 0.9859375 0.6125 0.025 0.16944444444444445
2 0.4078125 0.39166666666666666 0.04375 0.08888888888888889
2 0.4296875 0.32083333333333336 0.046875 0.075
2 0.6765625 0.10138888888888889 0.034375 0.04722222222222222
2 0.72109375 0.14166666666666666 0.0390625 0.05555555555555555
2 0.52421875 0.3736111111111111 0.0578125 0.09722222222222222
0 0.35703125 0.5930555555555556 0.0390625 0.09722222222222222
0 0.725 0.24305555555555555 0.021875 0.058333333333333334
0 0.390625 0.7861111111111111 0.040625 0.12777777777777777
0 0.85859375 0.3111111111111111 0.0265625 0.06666666666666667
0 0.51484375 0.48333333333333334 0.0328125 0.09444444444444444
0 0.45078125 0.7208333333333333 0.0359375 0.10833333333333334
0 0.3796875 0.7583333333333333 0.0375 0.13333333333333333
