1 0.0703125 0.3861111111111111 0.034375 0.10555555555555556
1 0.64296875 0.24305555555555555 0.0359375 0.09722222222222222
1 0.08203125 0.6527777777777778 0.0765625 0.18333333333333332
1 0.0296875 0.5486111111111112 0.04375 0.11944444444444445
0 0.03046875 0.48333333333333334 0.0515625 0.16111111111111112
0 0.08125 0.6041666666666666 0.078125 0.20833333333333334
0 0.6421875 0.20416666666666666 0.0375 0.14722222222222223
0 0.06953125 0.3402777777777778 0.0390625 0.16944444444444445
0 0.83046875 0.31527777777777777 0.0421875 0.20277777777777778
0 0.803125 0.5430555555555555 0.059375 0.26944444444444443
