1 0.2796875 0.8263888888888888 0.096875 0.125
1 0.75234375 0.2833333333333333 0.0234375 0.06111111111111111
1 0.54453125 0.4527777777777778 0.0234375 0.06111111111111111
1 0.47578125 0.7930555555555555 0.0453125 0.125
1 0.5296875 0.4083333333333333 0.040625 0.08888888888888889
1 0.7984375 0.2361111111111111 0.03125 0.044444444444444446
1 0.4859375 0.8208333333333333 0.046875 0.10833333333333334
1 0.36171875 0.6125 0.0421875 0.09722222222222222
1 0.75546875 0.3055555555555556 0.0234375 0.05555555555555555
1 0.82265625 0.3055555555555556 0.0296875 0.05
1 0.64140625 0.2111111111111111 0.0203125 0.05555555555555555
2 0.39609375 0.4013888888888889 0.0640625 0.08611111111111111
2 0.6765625 0.10416666666666667 0.03125 0.04722222222222222
2 0.42890625 0.3194444444444444 0.0484375 0.07777777777777778
2 0.72109375 0.14027777777777778 0.0390625 0.05277777777777778
2 0.5265625 0.3125 0.053125 0.08055555555555556
0 0.4546875 0.5222222222222223 0.034375 0.1
0 0.46875 0.5472222222222223 0.04375 0.1111111111111111
0 0.35859375 0.5930555555555556 0.0421875 0.10277777777777777
0 0.8203125 0.28194444444444444 0.028125 0.06388888888888888
0 0.47265625 0.7513888888888889 0.0515625 0.14166666666666666
