1 0.88203125 0.7111111111111111 0.0671875 0.15
1 0.52421875 0.6777777777777778 0.0421875 0.08888888888888889
1 0.66171875 0.275 0.0265625 0.06111111111111111
2 0.66015625 0.18472222222222223 0.0359375 0.058333333333333334
2 0.72265625 0.14305555555555555 0.0328125 0.04722222222222222
1 0.92890625 0.6180555555555556 0.0703125 0.13055555555555556
0 0.87265625 0.6555555555555556 0.0484375 0.18333333333333332
0 0.4515625 0.5138888888888888 0.0375 0.1111111111111111
0 0.46640625 0.38333333333333336 0.0265625 0.08333333333333333
0 0.86875 0.30833333333333335 0.01875 0.08333333333333333
0 0.3328125 0.5236111111111111 0.03125 0.125
0 0.52578125 0.3402777777777778 0.0265625 0.06944444444444445
0 0.9328125 0.5541666666666667 0.040625 0.16944444444444445
0 0.51484375 0.6152777777777778 0.0453125 0.13055555555555556
