1 0.621875 0.24722222222222223 0.040625 0.12222222222222222
1 0.18046875 0.5986111111111111 0.0671875 0.20833333333333334
1 0.58984375 0.4097222222222222 0.0453125 0.11388888888888889
1 0.6109375 0.65 0.040625 0.15555555555555556
1 0.4765625 0.7625 0.08125 0.11388888888888889
1 0.553125 0.5930555555555556 0.05 0.16944444444444445
1 0.89453125 0.2125 0.0359375 0.10277777777777777
2 0.4515625 0.11527777777777778 0.0375 0.09722222222222222
2 0.59921875 0.10694444444444444 0.0734375 0.09166666666666666
2 0.725 0.2638888888888889 0.15 0.24444444444444444
1 0.6578125 0.7583333333333333 0.0625 0.2222222222222222
0 0.8921875 0.14583333333333334 0.03125 0.05277777777777778
0 0.55546875 0.4791666666666667 0.0640625 0.11388888888888889
0 0.89375 0.175 0.034375 0.10555555555555556
0 0.58828125 0.3388888888888889 0.0421875 0.12222222222222222
0 0.62109375 0.20972222222222223 0.0421875 0.14722222222222223
0 0.4484375 0.3347222222222222 0.04375 0.08611111111111111
0 0.33671875 0.1375 0.0296875 0.11944444444444445
0 0.184375 0.5486111111111112 0.0625 0.225
0 0.4796875 0.6902777777777778 0.084375 0.19166666666666668
