1 0.3640625 0.18611111111111112 0.08125 0.17777777777777778
1 0.74453125 0.4152777777777778 0.0390625 0.14166666666666666
1 0.4546875 0.5555555555555556 0.046875 0.15555555555555556
1 0.11875 0.7347222222222223 0.125 0.19722222222222222
1 0.509375 0.8722222222222222 0.075 0.23333333333333334
2 0.19453125 0.3541666666666667 0.1640625 0.20833333333333334
0 0.0484375 0.24861111111111112 0.025 0.11944444444444445
0 0.98828125 0.17916666666666667 0.0203125 0.1638888888888889
0 0.890625 0.10138888888888889 0.025 0.125
0 0.7453125 0.35138888888888886 0.04375 0.14722222222222223
0 0.7984375 0.44305555555555554 0.0375 0.21944444444444444
0 0.4546875 0.4666666666666667 0.075 0.18888888888888888
0 0.9578125 0.1875 0.03125 0.13055555555555556
0 0.13046875 0.6583333333333333 0.0765625 0.25
0 0.5171875 0.7513888888888889 0.0875 0.23055555555555557
