1 0.20703125 0.3541666666666667 0.1140625 0.2361111111111111
1 0.3515625 0.5569444444444445 0.159375 0.375
1 0.571875 0.4083333333333333 0.0375 0.11666666666666667
1 0.51171875 0.16527777777777777 0.0390625 0.09722222222222222
1 0.70625 0.5180555555555556 0.04375 0.15833333333333333
1 0.61953125 0.2722222222222222 0.0421875 0.1111111111111111
1 0.74296875 0.19722222222222222 0.0390625 0.1
2 0.28046875 0.8944444444444445 0.2015625 0.20555555555555555
2 0.778125 0.6527777777777778 0.228125 0.3277777777777778
1 0.80546875 0.3875 0.0328125 0.125
0 0.74296875 0.14583333333333334 0.0390625 0.11944444444444445
0 0.21328125 0.8666666666666667 0.0703125 0.23333333333333334
0 0.6171875 0.20555555555555555 0.040625 0.11666666666666667
0 0.028125 0.46944444444444444 0.05625 0.19444444444444445
0 0.3953125 0.3819444444444444 0.028125 0.05277777777777778
0 0.70703125 0.4166666666666667 0.0546875 0.14444444444444443
0 0.25625 0.7763888888888889 0.034375 0.09166666666666666
0 0.38828125 0.24166666666666667 0.0390625 0.15
0 0.509375 0.14027777777777778 0.040625 0.11944444444444445
0 0.53359375 0.9180555555555555 0.0765625 0.1638888888888889
0 0.80546875 0.3375 0.0390625 0.19166666666666668
