1 0.95234375 0.3375 0.0734375 0.075
1 0.4640625 0.6125 0.0375 0.10833333333333334
1 0.63828125 0.1763888888888889 0.0171875 0.04722222222222222
1 0.54765625 0.24444444444444444 0.0140625 0.05
1 0.7234375 0.37222222222222223 0.028125 0.07222222222222222
1 0.5265625 0.2777777777777778 0.01875 0.05
1 0.703125 0.2375 0.021875 0.058333333333333334
1 0.5296875 0.5513888888888889 0.040625 0.09166666666666666
1 0.8109375 0.5791666666666667 0.04375 0.125
2 0.3953125 0.3861111111111111 0.065625 0.12777777777777777
2 0.4828125 0.27361111111111114 0.025 0.041666666666666664
2 0.7421875 0.15 0.040625 0.05555555555555555
2 0.72265625 0.14583333333333334 0.0296875 0.04722222222222222
2 0.6765625 0.11527777777777778 0.03125 0.04722222222222222
2 0.3515625 0.8944444444444445 0.1375 0.18888888888888888
2 0.4390625 0.3 0.04375 0.07222222222222222
0 0.70078125 0.21944444444444444 0.0203125 0.05555555555555555
0 0.54765625 0.24444444444444444 0.0140625 0.05
0 0.52890625 0.21388888888888888 0.0140625 0.03888888888888889
0 0.38984375 0.5138888888888888 0.0234375 0.08333333333333333
0 0.71875 0.31805555555555554 0.025 0.05277777777777778
0 0.27421875 0.8888888888888888 0.0359375 0.14444444444444443
0 0.3015625 0.5236111111111111 0.025 0.125
0 0.46328125 0.5888888888888889 0.0421875 0.12777777777777777
0 0.33203125 0.5166666666666667 0.0265625 0.13333333333333333
0 0.528125 0.5111111111111111 0.040625 0.12777777777777777
