1 0.72734375 0.21666666666666667 0.0765625 0.2
1 0.2328125 0.26944444444444443 0.04375 0.08333333333333333
1 0.06875 0.7569444444444444 0.1125 0.19166666666666668
1 0.640625 0.2861111111111111 0.046875 0.12222222222222222
1 0.41640625 0.7222222222222222 0.0796875 0.19444444444444445
2 0.40625 0.27361111111111114 0.14375 0.175
0 0.38203125 0.1625 0.0390625 0.05277777777777778
0 0.06640625 0.6833333333333333 0.0796875 0.22777777777777777
0 0.23671875 0.2152777777777778 0.0390625 0.11388888888888889
0 0.6421875 0.20972222222222223 0.046875 0.10833333333333334
0 0.4171875 0.6236111111111111 0.071875 0.20833333333333334
0 0.76484375 0.5527777777777778 0.0515625 0.24444444444444444
