1 0.4078125 0.26805555555555555 0.0875 0.20833333333333334
1 0.36796875 0.1388888888888889 0.0328125 0.10555555555555556
1 0.9015625 0.13472222222222222 0.034375 0.10277777777777777
1 0.7359375 0.20416666666666666 0.04375 0.10277777777777777
1 0.2375 0.33611111111111114 0.040625 0.09444444444444444
1 0.1078125 0.41944444444444445 0.0625 0.12777777777777777
1 0.8234375 0.375 0.040625 0.12222222222222222
2 0.46875 0.1125 0.078125 0.11388888888888889
2 0.81953125 0.09861111111111111 0.1015625 0.125
2 0.7015625 0.3763888888888889 0.159375 0.23055555555555557
0 0.90078125 0.1111111111111111 0.0328125 0.12222222222222222
0 0.75234375 0.14305555555555555 0.0328125 0.10833333333333334
0 0.6453125 0.9625 0.0625 0.075
0 0.1046875 0.34444444444444444 0.04375 0.14444444444444443
0 0.83046875 0.30972222222222223 0.0453125 0.175
0 0.23828125 0.2763888888888889 0.0390625 0.11944444444444445
0 0.915625 0.34444444444444444 0.0375 0.18888888888888888
