1 0.87890625 0.5791666666666667 0.1265625 0.26944444444444443
1 0.27890625 0.8013888888888889 0.1140625 0.18055555555555555
1 0.52890625 0.5069444444444444 0.0265625 0.058333333333333334
1 0.82109375 0.2152777777777778 0.0796875 0.09722222222222222
1 0.50390625 0.3013888888888889 0.0234375 0.04722222222222222
1 0.82421875 0.7486111111111111 0.0484375 0.14722222222222223
1 0.52734375 0.48055555555555557 0.0359375 0.1
1 0.7 0.32083333333333336 0.03125 0.09722222222222222
1 0.93203125 0.48055555555555557 0.0421875 0.1111111111111111
2 0.396875 0.4083333333333333 0.065625 0.1111111111111111
2 0.7203125 0.14027777777777778 0.03125 0.058333333333333334
2 0.53359375 0.25416666666666665 0.0453125 0.075
2 0.43828125 0.3 0.0453125 0.07222222222222222
0 0.49375 0.2777777777777778 0.021875 0.05555555555555555
0 0.503125 0.2833333333333333 0.021875 0.06666666666666667
0 0.525 0.4583333333333333 0.034375 0.09444444444444444
0 0.52421875 0.44583333333333336 0.0265625 0.05277777777777778
0 0.334375 0.5180555555555556 0.03125 0.14722222222222223
0 0.92890625 0.4236111111111111 0.0359375 0.08611111111111111
0 0.834375 0.4166666666666667 0.034375 0.09444444444444444
0 0.8203125 0.6833333333333333 0.0625 0.18888888888888888
