1 0.82109375 0.18333333333333332 0.0703125 0.2
1 0.2203125 0.4027777777777778 0.121875 0.25555555555555554
1 0.33671875 0.2375 0.0390625 0.06388888888888888
1 0.3375 0.20416666666666666 0.04375 0.11388888888888889
1 0.4125 0.27361111111111114 0.040625 0.09166666666666666
1 0.03046875 0.8638888888888889 0.0578125 0.2388888888888889
1 0.7078125 0.1986111111111111 0.04375 0.11388888888888889
1 0.40625 0.5847222222222223 0.065625 0.18055555555555555
1 0.58828125 0.8666666666666667 0.0796875 0.2222222222222222
2 0.54140625 0.06666666666666667 0.0671875 0.1111111111111111
2 0.74296875 0.1125 0.1140625 0.125
2 0.565625 0.3541666666666667 0.15 0.28055555555555556
0 0.40078125 0.4777777777777778 0.0578125 0.10555555555555556
0 0.33671875 0.18472222222222223 0.0421875 0.11944444444444445
0 0.40703125 0.5375 0.0671875 0.20833333333333334
0 0.02578125 0.24722222222222223 0.0296875 0.14444444444444443
0 0.2171875 0.25555555555555554 0.04375 0.07222222222222222
0 0.03203125 0.8097222222222222 0.0578125 0.28055555555555556
0 0.0515625 0.6263888888888889 0.075 0.21388888888888888
0 0.5921875 0.7541666666666667 0.078125 0.21388888888888888
