1 0.81796875 0.21666666666666667 0.0734375 0.08333333333333333
1 0.525 0.4083333333333333 0.021875 0.05555555555555555
1 0.9515625 0.3375 0.075 0.08055555555555556
1 0.6546875 0.2152777777777778 0.021875 0.058333333333333334
1 0.528125 0.2777777777777778 0.01875 0.044444444444444446
1 0.68203125 0.30833333333333335 0.0234375 0.06111111111111111
1 0.81328125 0.5791666666666667 0.0421875 0.125
2 0.74296875 0.1486111111111111 0.0390625 0.05277777777777778
2 0.3953125 0.3875 0.065625 0.125
2 0.721875 0.14583333333333334 0.028125 0.04722222222222222
2 0.6765625 0.11527777777777778 0.03125 0.041666666666666664
2 0.43984375 0.3 0.0421875 0.07222222222222222
0 0.5515625 0.3861111111111111 0.021875 0.06666666666666667
0 0.33125 0.5194444444444445 0.025 0.12777777777777777
0 0.5234375 0.38333333333333336 0.021875 0.07222222222222222
0 0.36640625 0.5416666666666666 0.0328125 0.11666666666666667
0 0.68046875 0.2833333333333333 0.0234375 0.06111111111111111
0 0.275 0.875 0.06875 0.18333333333333332
0 0.8109375 0.5111111111111111 0.04375 0.15
