1 0.5703125 0.5347222222222222 0.14375 0.3416666666666667
1 0.6984375 0.7763888888888889 0.159375 0.44722222222222224
1 0.77734375 0.21666666666666667 0.0703125 0.23333333333333334
1 0.15859375 0.3486111111111111 0.0484375 0.09722222222222222
1 0.68671875 0.1986111111111111 0.0359375 0.10833333333333334
1 0.3734375 0.7125 0.071875 0.18055555555555555
2 0.60078125 0.10277777777777777 0.0828125 0.1
0 0.6859375 0.1736111111111111 0.0375 0.13055555555555556
0 0.6765625 0.5569444444444445 0.04375 0.08611111111111111
0 0.15859375 0.30694444444444446 0.0515625 0.1638888888888889
0 0.3765625 0.6138888888888889 0.078125 0.2222222222222222
0 0.465625 0.9180555555555555 0.103125 0.1527777777777778
