1 0.06875 0.4166666666666667 0.128125 0.23333333333333334
1 0.103125 0.7638888888888888 0.20625 0.45555555555555555
1 0.67578125 0.9263888888888889 0.0859375 0.14722222222222223
1 0.64765625 0.2111111111111111 0.0390625 0.11666666666666667
1 0.284375 0.26944444444444443 0.04375 0.08333333333333333
1 0.43046875 0.7875 0.0703125 0.20277777777777778
2 0.44921875 0.20833333333333334 0.1359375 0.16666666666666666
0 0.2828125 0.20833333333333334 0.04375 0.11666666666666667
0 0.13125 0.24444444444444444 0.0375 0.14444444444444443
0 0.67578125 0.8597222222222223 0.0953125 0.24166666666666667
0 0.43125 0.6777777777777778 0.071875 0.2222222222222222
0 0.34375 0.14027777777777778 0.03125 0.14166666666666666
