1 0.7171875 0.3458333333333333 0.025 0.06944444444444445
1 0.8625 0.48055555555555557 0.040625 0.12777777777777777
2 0.68203125 0.09722222222222222 0.0296875 0.05
2 0.7203125 0.14166666666666666 0.034375 0.05555555555555555
0 0.54765625 0.14583333333333334 0.0109375 0.041666666666666664
0 0.48515625 0.3125 0.0171875 0.075
0 0.3765625 0.4888888888888889 0.03125 0.12222222222222222
0 0.71484375 0.31666666666666665 0.0234375 0.06666666666666667
0 0.453125 0.3125 0.015625 0.06388888888888888
0 0.33515625 0.5222222222222223 0.0328125 0.1388888888888889
0 0.4703125 0.3138888888888889 0.01875 0.07222222222222222
0 0.8609375 0.45 0.034375 0.12222222222222222
