1 0.559375 0.45555555555555555 0.0375 0.1
1 0.64453125 0.20277777777777778 0.0140625 0.044444444444444446
1 0.51015625 0.5819444444444445 0.0390625 0.10833333333333334
1 0.51328125 0.6111111111111112 0.0296875 0.06666666666666667
1 0.8 0.3111111111111111 0.021875 0.044444444444444446
1 0.39609375 0.5861111111111111 0.0265625 0.05555555555555555
2 0.7015625 0.16666666666666666 0.025 0.06111111111111111
2 0.39609375 0.3888888888888889 0.0609375 0.1111111111111111
2 0.4375 0.2972222222222222 0.040625 0.06666666666666667
2 0.7234375 0.14583333333333334 0.028125 0.04722222222222222
2 0.71640625 0.2708333333333333 0.0796875 0.13055555555555556
2 0.7421875 0.1486111111111111 0.040625 0.058333333333333334
2 0.8421875 0.43333333333333335 0.1375 0.18888888888888888
0 0.5484375 0.3458333333333333 0.021875 0.058333333333333334
0 0.8 0.3111111111111111 0.021875 0.044444444444444446
0 0.64140625 0.18333333333333332 0.0109375 0.05
0 0.39296875 0.55 0.0296875 0.1
0 0.625 0.24027777777777778 0.0125 0.05277777777777778
0 0.50703125 0.5527777777777778 0.0390625 0.10555555555555556
