1 0.83046875 0.13333333333333333 0.0328125 0.10555555555555556
1 0.23515625 0.6708333333333333 0.0796875 0.19722222222222222
2 0.4328125 0.1111111111111111 0.065625 0.08333333333333333
2 0.075 0.49444444444444446 0.15 0.26666666666666666
2 0.2546875 0.27361111111111114 0.14375 0.18055555555555555
1 0.68359375 0.6430555555555556 0.0484375 0.15833333333333333
0 0.8765625 0.45 0.040625 0.19444444444444445
0 0.85859375 0.3194444444444444 0.0421875 0.13333333333333333
0 0.83046875 0.10972222222222222 0.0328125 0.11388888888888889
0 0.68046875 0.5513888888888889 0.0578125 0.2361111111111111
0 0.23671875 0.6013888888888889 0.0734375 0.21944444444444444
