1 0.54609375 0.26944444444444443 0.0140625 0.044444444444444446
1 0.49609375 0.37222222222222223 0.0203125 0.05
1 0.46953125 0.6125 0.0390625 0.09722222222222222
2 0.39609375 0.4097222222222222 0.0640625 0.09722222222222222
2 0.54453125 0.20694444444444443 0.0328125 0.05277777777777778
2 0.72109375 0.14583333333333334 0.0296875 0.04722222222222222
2 0.74296875 0.15 0.0390625 0.05
2 0.75859375 0.25 0.0484375 0.1
2 0.70390625 0.16527777777777777 0.0296875 0.06388888888888888
2 0.64296875 0.20833333333333334 0.0484375 0.07777777777777778
2 0.4390625 0.2986111111111111 0.04375 0.06388888888888888
2 0.5234375 0.4513888888888889 0.075 0.14722222222222223
0 0.4859375 0.26944444444444443 0.015625 0.044444444444444446
0 0.4921875 0.35138888888888886 0.021875 0.04722222222222222
0 0.50859375 0.2847222222222222 0.0203125 0.058333333333333334
0 0.87421875 0.30416666666666664 0.0171875 0.08055555555555556
0 0.4671875 0.5833333333333334 0.040625 0.10555555555555556
