1 0.5203125 0.30694444444444446 0.01875 0.05277777777777778
1 0.63984375 0.2 0.0171875 0.044444444444444446
1 0.8109375 0.37222222222222223 0.0375 0.08888888888888889
1 0.73984375 0.2791666666666667 0.0296875 0.06944444444444445
1 0.6796875 0.175 0.01875 0.044444444444444446
1 0.509375 0.6166666666666667 0.040625 0.1
1 0.89765625 0.41388888888888886 0.0640625 0.10555555555555556
1 0.74296875 0.30277777777777776 0.0265625 0.05555555555555555
1 0.8234375 0.5819444444444445 0.046875 0.1361111111111111
2 0.4703125 0.26944444444444443 0.03125 0.044444444444444446
2 0.521875 0.20972222222222223 0.025 0.04722222222222222
2 0.43828125 0.3013888888888889 0.0453125 0.06388888888888888
2 0.5421875 0.45555555555555555 0.08125 0.17222222222222222
0 0.8890625 0.38055555555555554 0.0375 0.12222222222222222
0 0.81015625 0.3472222222222222 0.0359375 0.10555555555555556
0 0.25859375 0.7527777777777778 0.0390625 0.16666666666666666
0 0.73984375 0.2791666666666667 0.0296875 0.06944444444444445
0 0.4015625 0.9569444444444445 0.05625 0.08611111111111111
0 0.815625 0.5166666666666667 0.046875 0.13333333333333333
0 0.50546875 0.5819444444444445 0.0421875 0.11944444444444445
