1 0.17890625 0.45555555555555555 0.1328125 0.2777777777777778
1 0.45703125 0.45555555555555555 0.0453125 0.15
1 0.6234375 0.2388888888888889 0.0375 0.11666666666666667
1 0.840625 0.16944444444444445 0.04375 0.09444444444444444
0 0.84140625 0.10138888888888889 0.0296875 0.06388888888888888
0 0.9171875 0.08194444444444444 0.01875 0.08055555555555556
0 0.69609375 0.31666666666666665 0.0359375 0.18888888888888888
0 0.203125 0.2722222222222222 0.04375 0.1111111111111111
0 0.0265625 0.44166666666666665 0.046875 0.1388888888888889
0 0.840625 0.14027777777777778 0.040625 0.11944444444444445
0 0.6234375 0.20694444444444443 0.0375 0.15833333333333333
0 0.4578125 0.37916666666666665 0.04375 0.1361111111111111
