1 0.48984375 0.4125 0.0234375 0.06388888888888888
1 0.54140625 0.17222222222222222 0.0140625 0.03888888888888889
1 0.54296875 0.4736111111111111 0.0234375 0.058333333333333334
1 0.36171875 0.6111111111111112 0.0421875 0.1
1 0.52421875 0.24444444444444444 0.0296875 0.06111111111111111
1 0.540625 0.44305555555555554 0.03125 0.10277777777777777
1 0.94453125 0.4875 0.0421875 0.1361111111111111
1 0.62421875 0.20277777777777778 0.0171875 0.05
1 0.4921875 0.44027777777777777 0.025 0.05277777777777778
1 0.8 0.33611111111111114 0.028125 0.06666666666666667
1 0.89921875 0.6111111111111112 0.0453125 0.13333333333333333
1 0.71484375 0.24305555555555555 0.0234375 0.06388888888888888
2 0.4078125 0.3902777777777778 0.04375 0.09166666666666666
2 0.4890625 0.9680555555555556 0.109375 0.06388888888888888
2 0.4296875 0.32222222222222224 0.046875 0.07222222222222222
2 0.6765625 0.1 0.034375 0.05
2 0.7203125 0.14027777777777778 0.040625 0.05277777777777778
0 0.796875 0.3125 0.025 0.06388888888888888
0 0.5421875 0.41805555555555557 0.025 0.06388888888888888
0 0.71484375 0.24305555555555555 0.0234375 0.06388888888888888
0 0.3578125 0.5944444444444444 0.040625 0.1
0 0.48984375 0.4125 0.0234375 0.06388888888888888
0 0.48828125 0.3902777777777778 0.0234375 0.04722222222222222
0 0.9375 0.4486111111111111 0.034375 0.13055555555555556
0 0.8921875 0.5513888888888889 0.046875 0.1638888888888889
