1 0.5671875 0.20972222222222223 0.015625 0.041666666666666664
1 0.53984375 0.23472222222222222 0.0171875 0.041666666666666664
1 0.95234375 0.3388888888888889 0.0765625 0.08888888888888889
1 0.509375 0.2361111111111111 0.015625 0.05
1 0.69453125 0.27361111111111114 0.0265625 0.06388888888888888
2 0.66015625 0.1638888888888889 0.0265625 0.05
2 0.721875 0.1388888888888889 0.034375 0.05555555555555555
2 0.39921875 0.3902777777777778 0.0609375 0.09166666666666666
2 0.43203125 0.3 0.0546875 0.07222222222222222
0 0.6890625 0.2388888888888889 0.021875 0.05
0 0.534375 0.21666666666666667 0.01875 0.044444444444444446
0 0.509375 0.2361111111111111 0.015625 0.05
0 0.509375 0.21805555555555556 0.015625 0.04722222222222222
0 0.3765625 0.5763888888888888 0.0375 0.13055555555555556
