1 0.33515625 0.9305555555555556 0.0609375 0.09444444444444444
1 0.4859375 0.30694444444444446 0.01875 0.05277777777777778
1 0.9390625 0.5263888888888889 0.0625 0.1527777777777778
1 0.484375 0.4444444444444444 0.021875 0.044444444444444446
1 0.53046875 0.3138888888888889 0.0234375 0.06666666666666667
1 0.7625 0.38055555555555554 0.034375 0.10555555555555556
2 0.678125 0.10416666666666667 0.028125 0.041666666666666664
2 0.7046875 0.17083333333333334 0.046875 0.06944444444444445
2 0.45078125 0.5833333333333334 0.0765625 0.18888888888888888
2 0.43671875 0.2986111111111111 0.0453125 0.06944444444444445
2 0.98515625 0.6541666666666667 0.0265625 0.18055555555555555
0 0.4734375 0.28194444444444444 0.021875 0.05277777777777778
0 0.53046875 0.3138888888888889 0.0234375 0.06666666666666667
0 0.48359375 0.2847222222222222 0.0171875 0.058333333333333334
0 0.3296875 0.8569444444444444 0.0625 0.125
0 0.2546875 0.825 0.0375 0.17222222222222222
0 0.52890625 0.2152777777777778 0.0171875 0.04722222222222222
0 0.546875 0.28055555555555556 0.01875 0.05555555555555555
0 0.48203125 0.41805555555555557 0.0328125 0.09166666666666666
