1 0.7859375 0.09166666666666666 0.0375 0.08333333333333333
1 0.24375 0.9222222222222223 0.08125 0.15555555555555556
1 0.36875 0.5527777777777778 0.06875 0.1388888888888889
2 0.57890625 0.35 0.1421875 0.25555555555555554
0 0.89453125 0.08194444444444444 0.0203125 0.06388888888888888
0 0.63671875 0.2361111111111111 0.0359375 0.15
0 0.37265625 0.44583333333333336 0.0390625 0.125
0 0.95234375 0.1875 0.0296875 0.1527777777777778
0 0.915625 0.18472222222222223 0.03125 0.14722222222222223
0 0.25 0.825 0.084375 0.22777777777777777
