1 0.47421875 0.43472222222222223 0.0609375 0.13055555555555556
1 0.7625 0.23472222222222222 0.01875 0.05277777777777778
1 0.709375 0.20277777777777778 0.021875 0.044444444444444446
1 0.36171875 0.6125 0.0421875 0.09722222222222222
2 0.47265625 0.4236111111111111 0.0609375 0.125
2 0.5875 0.1 0.025 0.03333333333333333
2 0.540625 0.1763888888888889 0.028125 0.041666666666666664
2 0.428125 0.32222222222222224 0.046875 0.07222222222222222
2 0.721875 0.1388888888888889 0.0375 0.05
2 0.67578125 0.09861111111111111 0.0359375 0.05277777777777778
2 0.40625 0.39166666666666666 0.04375 0.1
2 0.5359375 0.3486111111111111 0.053125 0.10277777777777777
0 0.3734375 0.4875 0.03125 0.13055555555555556
0 0.36015625 0.5944444444444444 0.0421875 0.10555555555555556
0 0.38828125 0.8597222222222223 0.0578125 0.15833333333333333
