1 0.43125 0.9555555555555556 0.065625 0.08333333333333333
1 0.64140625 0.21388888888888888 0.0203125 0.05
1 0.6875 0.23055555555555557 0.025 0.05555555555555555
1 0.275 0.7930555555555555 0.10625 0.19166666666666668
1 0.64453125 0.23472222222222222 0.0171875 0.04722222222222222
1 0.7359375 0.26666666666666666 0.025 0.06111111111111111
1 0.9171875 0.5083333333333333 0.046875 0.1111111111111111
2 0.7140625 0.16111111111111112 0.046875 0.07222222222222222
0 0.49140625 0.3055555555555556 0.0234375 0.06111111111111111
0 0.73515625 0.25 0.0234375 0.06111111111111111
0 0.4265625 0.4847222222222222 0.0375 0.11944444444444445
0 0.91484375 0.4444444444444444 0.0421875 0.13333333333333333
0 0.428125 0.9305555555555556 0.06875 0.12777777777777777
0 0.43671875 0.6847222222222222 0.0484375 0.1361111111111111
