1 0.59375 0.33194444444444443 0.1625 0.2861111111111111
1 0.31171875 0.19027777777777777 0.0796875 0.175
1 0.40859375 0.5972222222222222 0.0640625 0.2222222222222222
1 0.6875 0.6444444444444445 0.04375 0.13333333333333333
1 0.35 0.9236111111111112 0.090625 0.1527777777777778
1 0.07421875 0.3458333333333333 0.0390625 0.09166666666666666
1 0.84375 0.34305555555555556 0.040625 0.14166666666666666
1 0.90625 0.20555555555555555 0.03125 0.1111111111111111
1 0.76328125 0.2652777777777778 0.0390625 0.11388888888888889
1 0.78203125 0.10833333333333334 0.0390625 0.1
2 0.51484375 0.06666666666666667 0.0640625 0.12222222222222222
2 0.95703125 0.6208333333333333 0.0828125 0.2916666666666667
2 0.59375 0.32083333333333336 0.171875 0.3194444444444444
1 0.64609375 0.8125 0.0609375 0.225
0 0.68359375 0.5194444444444445 0.0671875 0.13333333333333333
0 0.3421875 0.8277777777777777 0.08125 0.20555555555555555
0 0.6859375 0.5972222222222222 0.071875 0.2
0 0.84765625 0.3111111111111111 0.0453125 0.18888888888888888
0 0.53203125 0.24583333333333332 0.0390625 0.11388888888888889
0 0.9078125 0.14305555555555555 0.034375 0.10277777777777777
0 0.83046875 0.20555555555555555 0.0421875 0.13333333333333333
0 0.76015625 0.20694444444444443 0.0390625 0.11944444444444445
0 0.64765625 0.6875 0.0609375 0.23055555555555557
0 0.19921875 0.1527777777777778 0.0296875 0.1388888888888889
0 0.078125 0.30416666666666664 0.04375 0.1527777777777778
