1 0.3109375 0.20416666666666666 0.040625 0.10833333333333334
1 0.790625 0.33194444444444443 0.071875 0.23055555555555557
1 0.88203125 0.38333333333333336 0.0328125 0.12777777777777777
1 0.25390625 0.275 0.0484375 0.12777777777777777
1 0.68359375 0.3472222222222222 0.0609375 0.12222222222222222
1 0.88203125 0.38333333333333336 0.0328125 0.12777777777777777
0 0.753125 0.1736111111111111 0.034375 0.1361111111111111
0 0.31171875 0.17777777777777778 0.0390625 0.1388888888888889
0 0.6828125 0.3111111111111111 0.05 0.17222222222222222
0 0.765625 0.7916666666666666 0.05625 0.2777777777777778
0 0.25390625 0.24722222222222223 0.0484375 0.15555555555555556
0 0.88125 0.3416666666666667 0.0375 0.19444444444444445
