1 0.8 0.2388888888888889 0.028125 0.05
1 0.71640625 0.20277777777777778 0.0171875 0.05555555555555555
1 0.475 0.7902777777777777 0.05625 0.09722222222222222
1 0.52421875 0.3458333333333333 0.0234375 0.058333333333333334
1 0.86953125 0.6152777777777778 0.0484375 0.1361111111111111
2 0.68125 0.09583333333333334 0.028125 0.04722222222222222
2 0.64140625 0.1986111111111111 0.0453125 0.06388888888888888
2 0.42890625 0.3194444444444444 0.0453125 0.07777777777777778
0 0.7453125 0.2375 0.01875 0.06944444444444445
0 0.48828125 0.2763888888888889 0.0203125 0.058333333333333334
0 0.334375 0.5208333333333334 0.034375 0.14166666666666666
0 0.465625 0.7208333333333333 0.05625 0.14722222222222223
0 0.86171875 0.5541666666666667 0.0421875 0.1527777777777778
