1 0.4953125 0.5180555555555556 0.025 0.06388888888888888
1 0.4484375 0.5458333333333333 0.034375 0.09722222222222222
1 0.453125 0.5736111111111111 0.028125 0.058333333333333334
1 0.515625 0.3736111111111111 0.034375 0.09166666666666666
1 0.75234375 0.2375 0.0390625 0.08055555555555556
1 0.36171875 0.6125 0.0421875 0.09722222222222222
1 0.7125 0.37916666666666665 0.034375 0.10277777777777777
1 0.89609375 0.4791666666666667 0.0421875 0.10277777777777777
2 0.53203125 0.24444444444444444 0.0453125 0.07777777777777778
2 0.40625 0.3902777777777778 0.04375 0.10277777777777777
2 0.721875 0.14305555555555555 0.0375 0.058333333333333334
2 0.4078125 0.8861111111111111 0.1375 0.21666666666666667
2 0.42890625 0.3194444444444444 0.0546875 0.08333333333333333
2 0.528125 0.675 0.109375 0.22777777777777777
0 0.7125 0.35555555555555557 0.034375 0.1
0 0.37265625 0.4875 0.0296875 0.11388888888888889
0 0.49296875 0.4861111111111111 0.0359375 0.09444444444444444
0 0.8890625 0.41944444444444445 0.0375 0.1111111111111111
0 0.35859375 0.5944444444444444 0.0421875 0.1111111111111111
0 0.4453125 0.5236111111111111 0.034375 0.09722222222222222
