1 0.675 0.2125 0.11875 0.21944444444444444
1 0.76484375 0.08194444444444444 0.0296875 0.058333333333333334
1 0.50234375 0.5444444444444444 0.0484375 0.14444444444444443
1 0.2453125 0.44166666666666665 0.046875 0.1
1 0.78203125 0.4152777777777778 0.0390625 0.13055555555555556
1 0.85234375 0.13472222222222222 0.0328125 0.10277777777777777
1 0.42578125 0.6541666666666667 0.0640625 0.15833333333333333
1 0.5703125 0.4736111111111111 0.0375 0.10833333333333334
2 0.69765625 0.33611111111111114 0.1015625 0.25555555555555554
2 0.40703125 0.2652777777777778 0.1109375 0.20833333333333334
2 0.84296875 0.5291666666666667 0.1515625 0.24722222222222223
0 0.73828125 0.20694444444444443 0.0390625 0.1361111111111111
0 0.25703125 0.38333333333333336 0.0390625 0.14444444444444443
0 0.24296875 0.3472222222222222 0.0390625 0.1
0 0.56484375 0.39861111111111114 0.0671875 0.20277777777777778
0 0.7859375 0.24027777777777778 0.040625 0.11944444444444445
0 0.85078125 0.10833333333333334 0.0359375 0.12222222222222222
0 0.428125 0.5513888888888889 0.065625 0.19166666666666668
0 0.56875 0.34444444444444444 0.046875 0.11666666666666667
0 0.90546875 0.14444444444444443 0.0296875 0.11666666666666667
0 0.44921875 0.37083333333333335 0.0390625 0.175
0 0.50390625 0.46944444444444444 0.0640625 0.20555555555555555
0 0.31953125 0.9236111111111112 0.0921875 0.1527777777777778
