1 0.5359375 0.2375 0.01875 0.05277777777777778
1 0.55625 0.3763888888888889 0.025 0.06944444444444445
1 0.42734375 0.55 0.0359375 0.08888888888888889
2 0.5328125 0.16527777777777777 0.03125 0.04722222222222222
2 0.52890625 0.31805555555555554 0.0484375 0.08611111111111111
2 0.50234375 0.4111111111111111 0.0546875 0.13333333333333333
2 0.40625 0.4013888888888889 0.04375 0.09166666666666666
2 0.71953125 0.1388888888888889 0.0328125 0.05
2 0.43828125 0.2986111111111111 0.0453125 0.06944444444444445
0 0.6796875 0.14444444444444443 0.0125 0.03888888888888889
0 0.42890625 0.5125 0.0234375 0.05277777777777778
0 0.36640625 0.9694444444444444 0.0578125 0.06111111111111111
0 0.334375 0.5194444444444445 0.03125 0.1388888888888889
0 0.48984375 0.3194444444444444 0.0171875 0.05
