1 0.509375 0.7666666666666667 0.203125 0.40555555555555556
1 0.95234375 0.33611111111111114 0.0765625 0.07777777777777778
1 0.75234375 0.2777777777777778 0.0234375 0.06666666666666667
2 0.72265625 0.14166666666666666 0.0296875 0.05
2 0.678125 0.1125 0.025 0.041666666666666664
2 0.4390625 0.3 0.04375 0.06666666666666667
0 0.25859375 0.9347222222222222 0.0484375 0.13055555555555556
0 0.75234375 0.2777777777777778 0.0234375 0.06666666666666667
0 0.30234375 0.5236111111111111 0.0265625 0.11944444444444445
0 0.42578125 0.40694444444444444 0.0203125 0.08611111111111111
