1 0.61953125 0.8833333333333333 0.1734375 0.2111111111111111
1 0.83046875 0.24166666666666667 0.0390625 0.12777777777777777
1 0.67578125 0.24305555555555555 0.0453125 0.11944444444444445
1 0.1875 0.44722222222222224 0.05 0.1111111111111111
1 0.76328125 0.20833333333333334 0.0359375 0.1111111111111111
1 0.28125 0.6527777777777778 0.084375 0.19444444444444445
2 0.1984375 0.8722222222222222 0.25 0.24444444444444444
0 0.7625 0.13472222222222222 0.034375 0.058333333333333334
0 0.7625 0.175 0.0375 0.12222222222222222
0 0.83125 0.20833333333333334 0.040625 0.14444444444444443
0 0.67578125 0.20833333333333334 0.0421875 0.14444444444444443
0 0.18359375 0.37777777777777777 0.0484375 0.15
0 0.93203125 0.21666666666666667 0.0328125 0.15555555555555556
0 0.89609375 0.2152777777777778 0.0328125 0.14722222222222223
