1 0.88671875 0.20694444444444443 0.0390625 0.13055555555555556
1 0.0484375 0.44166666666666665 0.046875 0.08888888888888889
1 0.05234375 0.4152777777777778 0.0640625 0.11388888888888889
1 0.81171875 0.13055555555555556 0.0328125 0.10555555555555556
1 0.70546875 0.175 0.0359375 0.10555555555555556
1 0.78984375 0.3138888888888889 0.0484375 0.14444444444444443
0 0.88671875 0.18333333333333332 0.0390625 0.12777777777777777
0 0.81171875 0.1125 0.0359375 0.11388888888888889
0 0.05078125 0.3861111111111111 0.0453125 0.14444444444444443
0 0.79140625 0.2791666666666667 0.0453125 0.1638888888888889
0 0.703125 0.14166666666666666 0.0375 0.12777777777777777
