1 0.48984375 0.20694444444444443 0.0453125 0.125
1 0.43125 0.5097222222222222 0.046875 0.11944444444444445
1 0.2375 0.3333333333333333 0.04375 0.08888888888888889
1 0.77890625 0.28194444444444444 0.0390625 0.11944444444444445
1 0.32421875 0.20555555555555555 0.0390625 0.09444444444444444
2 0.58515625 0.10555555555555556 0.0796875 0.12222222222222222
0 0.32109375 0.1361111111111111 0.0359375 0.06111111111111111
0 0.44140625 0.4166666666666667 0.0734375 0.17777777777777778
0 0.48984375 0.17916666666666667 0.0421875 0.11944444444444445
0 0.3234375 0.1736111111111111 0.040625 0.11944444444444445
0 0.88125 0.5180555555555556 0.053125 0.275
0 0.77890625 0.24166666666666667 0.0421875 0.14444444444444443
0 0.23984375 0.2791666666666667 0.0453125 0.1361111111111111
