1 0.61015625 0.8791666666666667 0.1734375 0.225
1 0.43984375 0.4930555555555556 0.2546875 0.38055555555555554
1 0.32109375 0.19722222222222222 0.0296875 0.06111111111111111
1 0.778125 0.06805555555555555 0.025 0.04722222222222222
1 0.8734375 0.10277777777777777 0.04375 0.10555555555555556
1 0.32265625 0.875 0.0765625 0.2222222222222222
1 0.93203125 0.4222222222222222 0.0453125 0.14444444444444443
1 0.60625 0.37777777777777777 0.040625 0.11666666666666667
1 0.32265625 0.17222222222222222 0.0390625 0.09444444444444444
1 0.715625 0.13194444444444445 0.0375 0.10277777777777777
0 0.93125 0.3763888888888889 0.04375 0.15833333333333333
0 0.01484375 0.8611111111111112 0.0265625 0.16666666666666666
0 0.9640625 0.24861111111111112 0.025 0.16944444444444445
0 0.715625 0.1125 0.0375 0.125
0 0.41484375 0.1375 0.0296875 0.125
0 0.77734375 0.4083333333333333 0.0390625 0.2
0 0.3359375 0.7208333333333333 0.071875 0.125
0 0.603125 0.24305555555555555 0.040625 0.125
0 0.32421875 0.14027777777777778 0.0359375 0.11388888888888889
