1 0.79921875 0.2361111111111111 0.0328125 0.044444444444444446
1 0.54921875 0.1638888888888889 0.0109375 0.03333333333333333
1 0.94765625 0.31527777777777777 0.0734375 0.08611111111111111
1 0.82265625 0.2777777777777778 0.0234375 0.05555555555555555
2 0.678125 0.10277777777777777 0.028125 0.03888888888888889
2 0.46875 0.2652777777777778 0.028125 0.041666666666666664
2 0.71796875 0.14027777777777778 0.0296875 0.04722222222222222
2 0.39453125 0.4097222222222222 0.0671875 0.10833333333333334
2 0.4390625 0.3 0.04375 0.07222222222222222
0 0.54921875 0.1638888888888889 0.0109375 0.03333333333333333
0 0.66328125 0.1388888888888889 0.0109375 0.044444444444444446
0 0.76484375 0.2847222222222222 0.0296875 0.10277777777777777
0 0.375 0.6305555555555555 0.046875 0.1388888888888889
0 0.3203125 0.6180555555555556 0.040625 0.1361111111111111
