1 0.90546875 0.20833333333333334 0.0359375 0.12777777777777777
1 0.3875 0.20416666666666666 0.04375 0.10833333333333334
1 0.43359375 0.4847222222222222 0.0484375 0.1361111111111111
1 0.0421875 0.41944444444444445 0.053125 0.1
0 0.90625 0.18333333333333332 0.03125 0.12777777777777777
0 0.90703125 0.14444444444444443 0.0234375 0.05555555555555555
0 0.02265625 0.2388888888888889 0.0390625 0.15555555555555556
0 0.38671875 0.1763888888888889 0.0421875 0.14722222222222223
0 0.43046875 0.38055555555555554 0.0421875 0.12777777777777777
0 0.95546875 0.24444444444444444 0.0359375 0.15555555555555556
0 0.04375 0.37222222222222223 0.046875 0.15
0 0.2859375 0.8861111111111111 0.084375 0.21666666666666667
