1 0.9515625 0.3375 0.071875 0.075
1 0.540625 0.3375 0.01875 0.058333333333333334
1 0.81640625 0.3125 0.0453125 0.075
2 0.63125 0.16805555555555557 0.028125 0.04722222222222222
2 0.71875 0.14027777777777778 0.034375 0.04722222222222222
2 0.40703125 0.4013888888888889 0.0421875 0.09722222222222222
2 0.45078125 0.30972222222222223 0.0328125 0.06388888888888888
2 0.540625 0.24027777777777778 0.04375 0.058333333333333334
2 0.64375 0.2222222222222222 0.04375 0.07777777777777778
0 0.6875 0.18333333333333332 0.015625 0.044444444444444446
0 0.26171875 0.7819444444444444 0.0390625 0.1638888888888889
0 0.69375 0.2125 0.021875 0.06944444444444445
0 0.27890625 0.7833333333333333 0.0328125 0.15555555555555556
0 0.5359375 0.3194444444444444 0.01875 0.06111111111111111
