1 0.490625 0.10416666666666667 0.071875 0.11388888888888889
1 0.30390625 0.3819444444444444 0.0484375 0.11388888888888889
1 0.76484375 0.13055555555555556 0.0359375 0.1
1 0.21640625 0.6791666666666667 0.0734375 0.19722222222222222
1 0.72421875 0.6513888888888889 0.0796875 0.19722222222222222
1 0.515625 0.3819444444444444 0.040625 0.14166666666666666
2 0.6453125 0.2361111111111111 0.1125 0.21666666666666667
0 0.96640625 0.13333333333333333 0.0328125 0.10555555555555556
0 0.21953125 0.6055555555555555 0.0703125 0.2222222222222222
0 0.06015625 0.38472222222222224 0.0578125 0.11944444444444445
0 0.72421875 0.6013888888888889 0.0796875 0.225
0 0.5125 0.3194444444444444 0.04375 0.15555555555555556
0 0.2984375 0.20972222222222223 0.040625 0.11388888888888889
0 0.02578125 0.24305555555555555 0.0296875 0.1527777777777778
0 0.24765625 0.5944444444444444 0.0484375 0.2388888888888889
