1 0.93125 0.3736111111111111 0.0375 0.09166666666666666
1 0.51640625 0.37777777777777777 0.0296875 0.06111111111111111
1 0.46953125 0.4027777777777778 0.0203125 0.044444444444444446
1 0.46640625 0.37777777777777777 0.0234375 0.06666666666666667
2 0.53515625 0.175 0.0265625 0.05555555555555555
2 0.46796875 0.24861111111111112 0.0390625 0.058333333333333334
2 0.4390625 0.2972222222222222 0.046875 0.06111111111111111
2 0.765625 0.4361111111111111 0.1125 0.19444444444444445
0 0.4640625 0.3541666666666667 0.021875 0.04722222222222222
0 0.659375 0.11527777777777778 0.009375 0.04722222222222222
0 0.5140625 0.35138888888888886 0.025 0.05277777777777778
0 0.46640625 0.37777777777777777 0.0234375 0.06666666666666667
0 0.2578125 0.8916666666666667 0.046875 0.15
0 0.33046875 0.725 0.0421875 0.15
0 0.88671875 0.3888888888888889 0.0390625 0.13333333333333333
0 0.97421875 0.9277777777777778 0.0515625 0.14444444444444443
