1 0.4984375 0.7777777777777778 0.215625 0.4166666666666667
1 0.765625 0.3861111111111111 0.115625 0.2722222222222222
1 0.353125 0.17083333333333334 0.03125 0.06944444444444445
1 0.21796875 0.24305555555555555 0.0453125 0.10277777777777777
1 0.3515625 0.9347222222222222 0.078125 0.13055555555555556
1 0.77890625 0.20277777777777778 0.0359375 0.10555555555555556
1 0.225 0.6097222222222223 0.1 0.175
1 0.571875 0.37777777777777777 0.046875 0.12222222222222222
1 0.05234375 0.5791666666666667 0.1015625 0.16944444444444445
1 0.415625 0.5083333333333333 0.065625 0.15
2 0.8484375 0.09861111111111111 0.059375 0.09722222222222222
2 0.90859375 0.2833333333333333 0.1203125 0.2111111111111111
2 0.125 0.875 0.25 0.24444444444444444
1 0.2171875 0.24444444444444444 0.05625 0.09444444444444444
0 0.41640625 0.3888888888888889 0.0671875 0.11666666666666667
0 0.73828125 0.08055555555555556 0.0171875 0.06111111111111111
0 0.04921875 0.5416666666666666 0.0796875 0.2
0 0.21640625 0.20972222222222223 0.0421875 0.11944444444444445
0 0.41484375 0.46111111111111114 0.0703125 0.17777777777777778
0 0.3421875 0.8319444444444445 0.075 0.18611111111111112
0 0.57109375 0.30972222222222223 0.0484375 0.14722222222222223
0 0.77890625 0.1736111111111111 0.0390625 0.11944444444444445
