1 0.51328125 0.20277777777777778 0.0703125 0.15
2 0.6796875 0.10555555555555556 0.025 0.03333333333333333
2 0.54765625 0.14583333333333334 0.0234375 0.041666666666666664
2 0.47109375 0.5791666666666667 0.0796875 0.19166666666666668
2 0.396875 0.40694444444444444 0.065625 0.10833333333333334
2 0.7203125 0.1388888888888889 0.03125 0.05555555555555555
2 0.4296875 0.3194444444444444 0.05625 0.08888888888888889
0 0.8625 0.2861111111111111 0.025 0.10555555555555556
0 0.446875 0.5569444444444445 0.03125 0.15833333333333333
0 0.6859375 0.1388888888888889 0.015625 0.05555555555555555
0 0.4515625 0.8986111111111111 0.05625 0.14722222222222223
