1 0.82265625 0.23194444444444445 0.0734375 0.06388888888888888
1 0.68984375 0.2111111111111111 0.0203125 0.06111111111111111
1 0.56015625 0.3125 0.0203125 0.058333333333333334
1 0.953125 0.3402777777777778 0.078125 0.08611111111111111
1 0.50625 0.5805555555555556 0.034375 0.1
1 0.46328125 0.44166666666666665 0.0234375 0.05
1 0.5453125 0.4125 0.025 0.058333333333333334
1 0.7453125 0.4722222222222222 0.034375 0.1
2 0.47265625 0.2638888888888889 0.0359375 0.05
2 0.40703125 0.3861111111111111 0.0421875 0.08888888888888889
2 0.5109375 0.24444444444444444 0.034375 0.03888888888888889
2 0.71640625 0.14027777777777778 0.0296875 0.05277777777777778
2 0.96328125 0.8805555555555555 0.0734375 0.2
2 0.6265625 0.1597222222222222 0.0375 0.058333333333333334
2 0.4390625 0.3013888888888889 0.046875 0.06944444444444445
2 0.6765625 0.1 0.0375 0.044444444444444446
2 0.509375 0.31527777777777777 0.046875 0.075
0 0.68984375 0.2111111111111111 0.0203125 0.06111111111111111
0 0.51484375 0.2013888888888889 0.0109375 0.03611111111111111
0 0.4640625 0.4152777777777778 0.021875 0.06944444444444445
0 0.3375 0.5180555555555556 0.034375 0.14166666666666666
0 0.54296875 0.3861111111111111 0.0328125 0.09444444444444444
0 0.5015625 0.5277777777777778 0.040625 0.10555555555555556
0 0.740625 0.4111111111111111 0.034375 0.09444444444444444
