1 0.409375 0.8069444444444445 0.134375 0.275
1 0.7234375 0.23194444444444445 0.01875 0.05277777777777778
1 0.36171875 0.6097222222222223 0.0390625 0.09722222222222222
1 0.646875 0.18055555555555555 0.01875 0.05
1 0.5140625 0.6847222222222222 0.04375 0.11388888888888889
2 0.409375 0.8069444444444445 0.134375 0.275
2 0.540625 0.21388888888888888 0.034375 0.05
2 0.6765625 0.10138888888888889 0.034375 0.04722222222222222
2 0.7203125 0.14027777777777778 0.034375 0.05277777777777778
2 0.4296875 0.32222222222222224 0.046875 0.07777777777777778
2 0.40703125 0.4013888888888889 0.0421875 0.09166666666666666
0 0.721875 0.21666666666666667 0.01875 0.06111111111111111
0 0.2953125 0.6444444444444445 0.025 0.06111111111111111
0 0.35859375 0.5916666666666667 0.0390625 0.1111111111111111
0 0.646875 0.18055555555555555 0.01875 0.05
0 0.50546875 0.625 0.0453125 0.12222222222222222
