1 0.73984375 0.24444444444444444 0.0234375 0.05555555555555555
1 0.95234375 0.3388888888888889 0.0734375 0.07777777777777778
1 0.5296875 0.20694444444444443 0.015625 0.04722222222222222
1 0.7421875 0.26805555555555555 0.028125 0.05277777777777778
1 0.51015625 0.8638888888888889 0.0453125 0.12222222222222222
2 0.67734375 0.10138888888888889 0.0359375 0.04722222222222222
2 0.4671875 0.2708333333333333 0.028125 0.04722222222222222
2 0.6671875 0.17222222222222222 0.03125 0.05
2 0.7203125 0.1388888888888889 0.034375 0.05555555555555555
2 0.61796875 0.19583333333333333 0.0453125 0.075
2 0.4328125 0.30277777777777776 0.05625 0.07222222222222222
2 0.53046875 0.34444444444444444 0.0671875 0.11666666666666667
0 0.47421875 0.24027777777777778 0.0171875 0.05277777777777778
0 0.33515625 0.5166666666666667 0.0328125 0.1388888888888889
0 0.50859375 0.17777777777777778 0.0109375 0.03888888888888889
0 0.48828125 0.2361111111111111 0.0140625 0.044444444444444446
0 0.73984375 0.24444444444444444 0.0234375 0.05555555555555555
0 0.41015625 0.45 0.0296875 0.1111111111111111
0 0.5296875 0.20694444444444443 0.015625 0.04722222222222222
0 0.5046875 0.7972222222222223 0.053125 0.15
