1 0.7421875 0.17083333333333334 0.025 0.03611111111111111
1 0.79296875 0.2763888888888889 0.0203125 0.06944444444444445
1 0.54453125 0.3763888888888889 0.0203125 0.04722222222222222
2 0.68359375 0.10138888888888889 0.0234375 0.041666666666666664
2 0.53984375 0.24166666666666667 0.0328125 0.05555555555555555
2 0.72109375 0.14027777777777778 0.0328125 0.04722222222222222
2 0.42734375 0.3236111111111111 0.0484375 0.08055555555555556
1 0.40859375 0.6791666666666667 0.0359375 0.10833333333333334
0 0.49140625 0.2708333333333333 0.0140625 0.05277777777777778
0 0.79296875 0.2763888888888889 0.0203125 0.06944444444444445
0 0.503125 0.27361111111111114 0.0125 0.041666666666666664
0 0.871875 0.3013888888888889 0.021875 0.08611111111111111
0 0.334375 0.5208333333333334 0.034375 0.1361111111111111
0 0.51640625 0.3194444444444444 0.0203125 0.05555555555555555
0 0.47265625 0.2722222222222222 0.0140625 0.05555555555555555
0 0.540625 0.3486111111111111 0.01875 0.06388888888888888
0 0.40703125 0.6527777777777778 0.0390625 0.13333333333333333
