1 0.81328125 0.30416666666666664 0.0859375 0.25277777777777777
1 0.55703125 0.37777777777777777 0.2359375 0.34444444444444444
1 0.0671875 0.4083333333333333 0.046875 0.08888888888888889
1 0.10859375 0.5861111111111111 0.0765625 0.15
1 0.04453125 0.5763888888888888 0.0859375 0.14166666666666666
1 0.22421875 0.38055555555555554 0.0484375 0.1
1 0.33046875 0.4083333333333333 0.0484375 0.08888888888888889
1 0.13984375 0.9041666666666667 0.1984375 0.19166666666666668
0 0.36796875 0.28055555555555556 0.0390625 0.1111111111111111
0 0.2828125 0.27361111111111114 0.0375 0.14722222222222223
0 0.221875 0.3138888888888889 0.06875 0.1111111111111111
0 0.359375 0.2388888888888889 0.04375 0.14444444444444443
0 0.4171875 0.24583333333333332 0.034375 0.11944444444444445
0 0.06953125 0.3458333333333333 0.0484375 0.125
0 0.03359375 0.5236111111111111 0.0640625 0.19166666666666668
0 0.10859375 0.5430555555555555 0.0734375 0.20833333333333334
0 0.33359375 0.30972222222222223 0.0515625 0.11388888888888889
0 0.29453125 0.1388888888888889 0.0328125 0.11666666666666667
0 0.72109375 0.7972222222222223 0.0828125 0.32222222222222224
0 0.13671875 0.8208333333333333 0.0796875 0.275
