1 0.4890625 0.5458333333333333 0.034375 0.11388888888888889
1 0.953125 0.3375 0.065625 0.075
1 0.49609375 0.2972222222222222 0.0171875 0.05
1 0.49140625 0.5819444444444445 0.0265625 0.06388888888888888
1 0.7171875 0.3388888888888889 0.025 0.06666666666666667
2 0.721875 0.14583333333333334 0.03125 0.04722222222222222
2 0.39609375 0.3861111111111111 0.0671875 0.12777777777777777
2 0.74140625 0.15 0.0421875 0.05555555555555555
2 0.509375 0.21388888888888888 0.04375 0.05555555555555555
2 0.70078125 0.17083333333333334 0.0296875 0.058333333333333334
2 0.60390625 0.11527777777777778 0.0234375 0.03611111111111111
2 0.4390625 0.2986111111111111 0.04375 0.06944444444444445
2 0.53671875 0.3111111111111111 0.0515625 0.09444444444444444
0 0.3328125 0.5194444444444445 0.03125 0.12777777777777777
0 0.4859375 0.2388888888888889 0.015625 0.05555555555555555
0 0.49453125 0.2861111111111111 0.0203125 0.05555555555555555
0 0.7125 0.2875 0.021875 0.04722222222222222
0 0.8953125 0.2791666666666667 0.015625 0.058333333333333334
0 0.71484375 0.3138888888888889 0.0234375 0.06111111111111111
0 0.2546875 0.8277777777777777 0.05 0.16111111111111112
0 0.83984375 0.30277777777777776 0.0203125 0.09444444444444444
0 0.85625 0.3055555555555556 0.015625 0.07777777777777778
0 0.48671875 0.5222222222222223 0.0359375 0.10555555555555556
