1 0.6671875 0.3013888888888889 0.140625 0.30277777777777776
1 0.93046875 0.1361111111111111 0.0421875 0.11666666666666667
1 0.84765625 0.23472222222222222 0.0328125 0.11388888888888889
1 0.81328125 0.375 0.0453125 0.13333333333333333
2 0.66796875 0.2833333333333333 0.1484375 0.3111111111111111
2 0.11015625 0.8861111111111111 0.2203125 0.21666666666666667
2 0.725 0.16805555555555557 0.1375 0.19722222222222222
0 0.021875 0.24444444444444444 0.034375 0.14444444444444443
0 0.81328125 0.2847222222222222 0.0453125 0.09166666666666666
0 0.81171875 0.35 0.0484375 0.16111111111111112
0 0.84296875 0.18194444444444444 0.0421875 0.1361111111111111
0 0.92890625 0.11388888888888889 0.0390625 0.12222222222222222
0 0.51953125 0.8944444444444445 0.0828125 0.2
