1 0.79765625 0.4388888888888889 0.0359375 0.09444444444444444
2 0.68359375 0.09583333333333334 0.0265625 0.04722222222222222
2 0.721875 0.1388888888888889 0.03125 0.05
2 0.51484375 0.4736111111111111 0.0640625 0.14166666666666666
2 0.42734375 0.32083333333333336 0.0546875 0.08055555555555556
2 0.97109375 0.7236111111111111 0.0578125 0.30833333333333335
1 0.9734375 0.48055555555555557 0.0375 0.11666666666666667
0 0.48828125 0.2777777777777778 0.0203125 0.06111111111111111
0 0.7921875 0.3861111111111111 0.0375 0.09444444444444444
0 0.47109375 0.28194444444444444 0.0203125 0.058333333333333334
0 0.97265625 0.41944444444444445 0.0390625 0.12222222222222222
0 0.33515625 0.5222222222222223 0.0359375 0.1388888888888889
0 0.4671875 0.9263888888888889 0.05625 0.14722222222222223
