1 0.49375 0.27361111111111114 0.021875 0.041666666666666664
1 0.95234375 0.3388888888888889 0.0703125 0.07777777777777778
1 0.98359375 0.6444444444444445 0.0328125 0.1388888888888889
1 0.87421875 0.3347222222222222 0.0203125 0.06944444444444445
1 0.54453125 0.23472222222222222 0.0171875 0.041666666666666664
1 0.80234375 0.23472222222222222 0.0296875 0.04722222222222222
1 0.75625 0.40694444444444444 0.0375 0.09722222222222222
1 0.53203125 0.38333333333333336 0.0265625 0.06666666666666667
1 0.5703125 0.4097222222222222 0.025 0.06388888888888888
1 0.65078125 0.1986111111111111 0.0203125 0.041666666666666664
1 0.73828125 0.4847222222222222 0.0390625 0.11388888888888889
2 0.396875 0.4013888888888889 0.065625 0.09166666666666666
2 0.71484375 0.16944444444444445 0.0453125 0.06111111111111111
2 0.434375 0.3013888888888889 0.059375 0.06944444444444445
0 0.98515625 0.625 0.0265625 0.15555555555555556
0 0.525 0.34444444444444444 0.025 0.05555555555555555
0 0.734375 0.4527777777777778 0.0375 0.11666666666666667
0 0.565625 0.38472222222222224 0.03125 0.09722222222222222
0 0.7703125 0.28194444444444444 0.025 0.10833333333333334
0 0.75390625 0.35833333333333334 0.0359375 0.08888888888888889
0 0.26171875 0.7861111111111111 0.0703125 0.25555555555555554
0 0.87421875 0.32222222222222224 0.0265625 0.1
