1 0.40625 0.5152777777777777 0.14375 0.35833333333333334
1 0.546875 0.45 0.04375 0.14444444444444443
1 0.76015625 0.16944444444444445 0.0390625 0.1
1 0.759375 0.3472222222222222 0.040625 0.11666666666666667
1 0.85625 0.10277777777777777 0.040625 0.08888888888888889
1 0.25390625 0.41805555555555557 0.0578125 0.11388888888888889
1 0.665625 0.4791666666666667 0.046875 0.1361111111111111
1 0.48671875 0.7569444444444444 0.0796875 0.20833333333333334
2 0.49609375 0.09583333333333334 0.0390625 0.08055555555555556
1 0.2765625 0.7791666666666667 0.10625 0.19166666666666668
0 0.565625 0.37916666666666665 0.03125 0.14722222222222223
0 0.76015625 0.2763888888888889 0.0453125 0.11388888888888889
0 0.73671875 0.5069444444444444 0.0703125 0.1638888888888889
0 0.66640625 0.4111111111111111 0.0453125 0.16111111111111112
0 0.48671875 0.6680555555555555 0.0765625 0.20833333333333334
0 0.27890625 0.6805555555555556 0.0609375 0.23333333333333334
0 0.25390625 0.3472222222222222 0.0546875 0.16666666666666666
0 0.9375 0.3458333333333333 0.040625 0.175
0 0.88984375 0.3125 0.0359375 0.18055555555555555
