1 0.46328125 0.44583333333333336 0.0234375 0.06388888888888888
1 0.52734375 0.33611111111111114 0.0234375 0.05
1 0.72578125 0.2152777777777778 0.0203125 0.04722222222222222
1 0.83203125 0.21666666666666667 0.0640625 0.08888888888888889
1 0.49453125 0.4125 0.0234375 0.06388888888888888
1 0.5265625 0.3111111111111111 0.021875 0.06111111111111111
1 0.7265625 0.23333333333333334 0.01875 0.044444444444444446
1 0.821875 0.6458333333333334 0.046875 0.1361111111111111
2 0.534375 0.20972222222222223 0.0375 0.041666666666666664
2 0.67578125 0.10138888888888889 0.0328125 0.04722222222222222
2 0.40703125 0.4 0.0421875 0.08888888888888889
2 0.72109375 0.14166666666666666 0.0390625 0.05555555555555555
2 0.4453125 0.6569444444444444 0.0875 0.18055555555555555
2 0.428125 0.32083333333333336 0.046875 0.075
2 0.53203125 0.5152777777777777 0.0796875 0.15833333333333333
0 0.49453125 0.4125 0.0234375 0.06388888888888888
0 0.359375 0.5958333333333333 0.04375 0.11388888888888889
0 0.81484375 0.5791666666666667 0.0484375 0.1638888888888889
