1 0.84296875 0.7347222222222223 0.2296875 0.3472222222222222
1 0.43828125 0.5458333333333333 0.0734375 0.19166666666666668
1 0.4875 0.8083333333333333 0.125 0.2777777777777778
3 0.48984375 0.8097222222222222 0.1140625 0.2861111111111111
1 0.509375 0.5777777777777777 0.040625 0.1111111111111111
1 0.796875 0.3333333333333333 0.028125 0.05555555555555555
1 0.95859375 0.6472222222222223 0.0640625 0.12777777777777777
1 0.7625 0.2361111111111111 0.025 0.05555555555555555
1 0.6671875 0.3138888888888889 0.025 0.06666666666666667
1 0.7234375 0.3458333333333333 0.028125 0.06388888888888888
1 0.79453125 0.3125 0.0390625 0.08611111111111111
1 0.7046875 0.27361111111111114 0.021875 0.058333333333333334
1 0.72578125 0.5083333333333333 0.0390625 0.09444444444444444
2 0.6765625 0.1 0.03125 0.044444444444444446
2 0.54375 0.1486111111111111 0.03125 0.04722222222222222
2 0.7203125 0.1388888888888889 0.034375 0.05
2 0.5359375 0.22916666666666666 0.04375 0.06944444444444445
2 0.4078125 0.39166666666666666 0.040625 0.09444444444444444
2 0.43046875 0.32083333333333336 0.0484375 0.075
2 0.8546875 0.725 0.215625 0.4444444444444444
2 0.528125 0.45694444444444443 0.071875 0.13055555555555556
0 0.6671875 0.3138888888888889 0.025 0.06666666666666667
0 0.70078125 0.25 0.0203125 0.05
0 0.54921875 0.9694444444444444 0.0609375 0.06111111111111111
0 0.95859375 0.55 0.0390625 0.1
0 0.296875 0.6458333333333334 0.028125 0.06388888888888888
0 0.42734375 0.6833333333333333 0.0390625 0.1111111111111111
0 0.71796875 0.4444444444444444 0.0265625 0.06111111111111111
0 0.50703125 0.5569444444444445 0.0359375 0.10277777777777777
0 0.3125 0.9402777777777778 0.078125 0.11944444444444445
0 0.3921875 0.5944444444444444 0.034375 0.12222222222222222
