1 0.16484375 0.34305555555555556 0.0453125 0.11388888888888889
1 0.85390625 0.24722222222222223 0.0453125 0.14444444444444443
1 0.2015625 0.5166666666666667 0.065625 0.11666666666666667
1 0.66015625 0.6833333333333333 0.0671875 0.21666666666666667
2 0.90546875 0.0625 0.0484375 0.04722222222222222
2 0.60078125 0.10416666666666667 0.0984375 0.09722222222222222
0 0.20390625 0.4527777777777778 0.0640625 0.18888888888888888
0 0.89921875 0.2791666666666667 0.0515625 0.15833333333333333
0 0.8546875 0.20972222222222223 0.046875 0.14166666666666666
0 0.67421875 0.12638888888888888 0.0296875 0.13055555555555556
0 0.1625 0.28194444444444444 0.040625 0.15833333333333333
0 0.65859375 0.6041666666666666 0.0734375 0.23055555555555557
0 0.8328125 0.5569444444444445 0.05625 0.24722222222222223
