1 0.7625 0.24305555555555555 0.14375 0.21944444444444444
1 0.36015625 0.1763888888888889 0.0890625 0.18055555555555555
1 0.60546875 0.2638888888888889 0.1046875 0.18888888888888888
3 0.36015625 0.1763888888888889 0.0890625 0.18055555555555555
3 0.27265625 0.39166666666666666 0.1296875 0.25555555555555554
1 0.90859375 0.275 0.0359375 0.18333333333333332
1 0.0234375 0.5833333333333334 0.04375 0.16111111111111112
2 0.534375 0.09861111111111111 0.059375 0.09166666666666666
2 0.778125 0.24027777777777778 0.115625 0.20277777777777778
2 0.85859375 0.06666666666666667 0.0796875 0.06666666666666667
0 0.896875 0.20833333333333334 0.0375 0.1388888888888889
0 0.64375 0.9625 0.071875 0.075
0 0.909375 0.25 0.053125 0.22777777777777777
0 0.2578125 0.20833333333333334 0.034375 0.1111111111111111
