1 0.421875 0.5319444444444444 0.20625 0.33611111111111114
1 0.31015625 0.44305555555555554 0.0578125 0.08611111111111111
1 0.14921875 0.3125 0.0484375 0.10833333333333334
1 0.215625 0.4097222222222222 0.05 0.125
1 0.05234375 0.6541666666666667 0.0609375 0.14722222222222223
0 0.43125 0.28194444444444444 0.040625 0.125
0 0.47578125 0.20555555555555555 0.0390625 0.1388888888888889
0 0.1484375 0.2777777777777778 0.046875 0.14444444444444443
0 0.7359375 0.75 0.078125 0.3111111111111111
0 0.3625 0.20277777777777778 0.040625 0.1388888888888889
0 0.446875 0.14305555555555555 0.03125 0.11388888888888889
0 0.3109375 0.33611111111111114 0.05625 0.2222222222222222
0 0.05390625 0.5972222222222222 0.0734375 0.2111111111111111
0 0.93203125 0.1361111111111111 0.0296875 0.13333333333333333
0 0.2109375 0.3763888888888889 0.0625 0.18055555555555555
0 0.3046875 0.13055555555555556 0.034375 0.12777777777777777
