1 0.7609375 0.23472222222222222 0.025 0.06388888888888888
1 0.50625 0.30277777777777776 0.01875 0.05
1 0.875 0.5152777777777777 0.040625 0.11388888888888889
2 0.46875 0.24861111111111112 0.028125 0.05277777777777778
2 0.67578125 0.09861111111111111 0.0328125 0.04722222222222222
2 0.396875 0.40555555555555556 0.0625 0.09444444444444444
2 0.54375 0.20833333333333334 0.028125 0.05
2 0.7203125 0.1388888888888889 0.034375 0.05
2 0.43046875 0.3194444444444444 0.0484375 0.08333333333333333
2 0.66640625 0.2763888888888889 0.0703125 0.13055555555555556
2 0.53515625 0.3861111111111111 0.0703125 0.13333333333333333
0 0.29609375 0.6444444444444445 0.0265625 0.06111111111111111
0 0.503125 0.2875 0.021875 0.058333333333333334
0 0.359375 0.5930555555555556 0.040625 0.10277777777777777
0 0.50625 0.2152777777777778 0.015625 0.041666666666666664
0 0.87265625 0.4777777777777778 0.0390625 0.14444444444444443
0 0.47265625 0.5236111111111111 0.0390625 0.09722222222222222
0 0.35390625 0.7138888888888889 0.0359375 0.16666666666666666
