1 0.95234375 0.3388888888888889 0.0765625 0.08333333333333333
1 0.54453125 0.24861111111111112 0.0234375 0.05277777777777778
1 0.82890625 0.375 0.0609375 0.10555555555555556
1 0.51171875 0.2361111111111111 0.0140625 0.044444444444444446
1 0.67578125 0.23472222222222222 0.0234375 0.058333333333333334
2 0.4703125 0.24861111111111112 0.03125 0.05277777777777778
2 0.65625 0.1486111111111111 0.028125 0.05277777777777778
2 0.72109375 0.1375 0.0328125 0.05277777777777778
2 0.40859375 0.3888888888888889 0.0453125 0.08888888888888889
2 0.4328125 0.3013888888888889 0.05625 0.075
0 0.28203125 0.9805555555555555 0.0359375 0.03888888888888889
0 0.35546875 0.6083333333333333 0.0328125 0.12222222222222222
0 0.67421875 0.21944444444444444 0.0234375 0.06666666666666667
0 0.51171875 0.2361111111111111 0.0140625 0.044444444444444446
0 0.371875 0.6069444444444444 0.0375 0.11944444444444445
