1 0.734375 0.5069444444444444 0.05 0.125
1 0.36796875 0.7472222222222222 0.0734375 0.20555555555555555
1 0.68671875 0.38055555555555554 0.0453125 0.12222222222222222
1 0.121875 0.7458333333333333 0.071875 0.20833333333333334
1 0.59140625 0.7444444444444445 0.0734375 0.2222222222222222
1 0.771875 0.10138888888888889 0.0375 0.08611111111111111
1 0.29609375 0.9222222222222223 0.0734375 0.15555555555555556
1 0.81171875 0.24722222222222223 0.0390625 0.12222222222222222
2 0.5875 0.2791666666666667 0.0875 0.19722222222222222
2 0.5875 0.4722222222222222 0.128125 0.22777777777777777
2 0.84296875 0.5166666666666667 0.1515625 0.25555555555555554
1 0.3015625 0.6236111111111111 0.06875 0.14722222222222223
0 0.2015625 0.9680555555555556 0.059375 0.06388888888888888
0 0.5859375 0.6194444444444445 0.08125 0.14444444444444443
0 0.4765625 0.17222222222222222 0.0375 0.11666666666666667
0 0.084375 0.55 0.075 0.12777777777777777
0 0.30078125 0.5347222222222222 0.0609375 0.21388888888888888
0 0.37109375 0.6666666666666666 0.0765625 0.2388888888888889
0 0.6875 0.35 0.046875 0.1388888888888889
0 0.7359375 0.4861111111111111 0.046875 0.15
0 0.121875 0.675 0.075 0.21666666666666667
0 0.6859375 0.2861111111111111 0.04375 0.08888888888888889
0 0.81171875 0.2111111111111111 0.0390625 0.15
0 0.30078125 0.8263888888888888 0.0859375 0.21388888888888888
0 0.8703125 0.2152777777777778 0.034375 0.14722222222222223
