1 0.7828125 0.18472222222222223 0.071875 0.20833333333333334
1 0.54140625 0.7569444444444444 0.1828125 0.44722222222222224
1 0.6390625 0.2388888888888889 0.040625 0.12222222222222222
1 0.4515625 0.2 0.0375 0.10555555555555556
1 0.39609375 0.13333333333333333 0.0234375 0.06111111111111111
1 0.915625 0.13472222222222222 0.028125 0.06944444444444445
1 0.18984375 0.30277777777777776 0.0390625 0.08888888888888889
1 0.87109375 0.16944444444444445 0.0421875 0.09444444444444444
1 0.70078125 0.1736111111111111 0.0359375 0.11388888888888889
1 0.66640625 0.3875 0.0421875 0.1361111111111111
1 0.29375 0.6819444444444445 0.078125 0.20833333333333334
2 0.8546875 0.4236111111111111 0.15 0.25833333333333336
0 0.39609375 0.11388888888888889 0.0234375 0.06666666666666667
0 0.7 0.14305555555555555 0.0375 0.125
0 0.86953125 0.1361111111111111 0.0421875 0.12222222222222222
0 0.665625 0.30833333333333335 0.046875 0.11666666666666667
0 0.18984375 0.24027777777777778 0.0421875 0.11944444444444445
0 0.2953125 0.6111111111111112 0.078125 0.2222222222222222
