1 0.49453125 0.4152777777777778 0.0265625 0.06944444444444445
1 0.628125 0.16666666666666666 0.0125 0.03888888888888889
1 0.5109375 0.3 0.015625 0.044444444444444446
1 0.659375 0.16527777777777777 0.015625 0.03611111111111111
1 0.52109375 0.5458333333333333 0.0453125 0.11388888888888889
2 0.3953125 0.40694444444444444 0.0625 0.09722222222222222
2 0.42890625 0.32083333333333336 0.0453125 0.075
2 0.72109375 0.1388888888888889 0.0328125 0.05
0 0.47109375 0.275 0.0140625 0.05
0 0.49453125 0.4152777777777778 0.0265625 0.06944444444444445
0 0.6609375 0.14305555555555555 0.0125 0.04722222222222222
0 0.334375 0.5180555555555556 0.0375 0.1361111111111111
0 0.49140625 0.3861111111111111 0.0203125 0.05
0 0.50859375 0.28194444444444444 0.0171875 0.05277777777777778
0 0.5203125 0.5208333333333334 0.046875 0.11388888888888889
0 0.446875 0.42083333333333334 0.021875 0.08611111111111111
0 0.36171875 0.7583333333333333 0.0453125 0.17222222222222222
