1 0.50703125 0.6541666666666667 0.1421875 0.3416666666666667
1 0.55078125 0.10555555555555556 0.0359375 0.1
1 0.590625 0.49027777777777776 0.046875 0.15833333333333333
1 0.8578125 0.30416666666666664 0.03125 0.10833333333333334
1 0.68671875 0.6180555555555556 0.0453125 0.1638888888888889
1 0.62578125 0.24861111111111112 0.0421875 0.125
1 0.28125 0.4222222222222222 0.046875 0.12222222222222222
1 0.23515625 0.5527777777777778 0.0453125 0.15
1 0.7984375 0.10138888888888889 0.025 0.08055555555555556
1 0.790625 0.31805555555555554 0.0375 0.125
1 0.7265625 0.16527777777777777 0.0375 0.09166666666666666
2 0.6296875 0.08055555555555556 0.0625 0.07777777777777778
2 0.8375 0.5375 0.1625 0.2638888888888889
0 0.69609375 0.4847222222222222 0.0484375 0.14722222222222223
0 0.68828125 0.5375 0.0609375 0.21944444444444444
0 0.228125 0.5166666666666667 0.059375 0.21666666666666667
0 0.4578125 0.49027777777777776 0.05 0.11388888888888889
0 0.2765625 0.375 0.046875 0.17222222222222222
0 0.6 0.3819444444444444 0.046875 0.10277777777777777
0 0.18828125 0.6611111111111111 0.0640625 0.2388888888888889
0 0.62578125 0.20833333333333334 0.0421875 0.1388888888888889
0 0.7265625 0.10972222222222222 0.0375 0.10277777777777777
0 0.790625 0.2722222222222222 0.040625 0.16666666666666666
0 0.4375 0.9 0.11875 0.18333333333333332
0 0.1484375 0.8513888888888889 0.05625 0.15833333333333333
0 0.8578125 0.24583333333333332 0.034375 0.14722222222222223
