1 0.95078125 0.3388888888888889 0.0734375 0.07777777777777778
1 0.640625 0.16666666666666666 0.0125 0.05
1 0.54609375 0.16805555555555557 0.0109375 0.03611111111111111
1 0.66484375 0.14722222222222223 0.0203125 0.05
1 0.93984375 0.5069444444444444 0.0359375 0.09722222222222222
1 0.97421875 0.6569444444444444 0.0453125 0.15833333333333333
1 0.72265625 0.34305555555555556 0.0359375 0.09166666666666666
1 0.76484375 0.3125 0.0296875 0.06944444444444445
2 0.43828125 0.2972222222222222 0.0453125 0.06666666666666667
0 0.7203125 0.32222222222222224 0.034375 0.09444444444444444
0 0.934375 0.4166666666666667 0.025 0.06666666666666667
0 0.909375 0.2777777777777778 0.03125 0.06111111111111111
0 0.76328125 0.28055555555555556 0.0234375 0.05555555555555555
0 0.503125 0.21388888888888888 0.015625 0.044444444444444446
0 0.33359375 0.5180555555555556 0.0328125 0.14166666666666666
0 0.2375 0.9652777777777778 0.059375 0.06944444444444445
0 0.96875 0.5847222222222223 0.04375 0.125
0 0.71875 0.30833333333333335 0.025 0.05555555555555555
0 0.93828125 0.44722222222222224 0.0328125 0.11666666666666667
0 0.44765625 0.4583333333333333 0.0265625 0.11666666666666667
