1 0.56015625 0.10555555555555556 0.0390625 0.09444444444444444
1 0.315625 0.35 0.0625 0.1111111111111111
1 0.6953125 0.6472222222222223 0.075 0.20555555555555555
1 0.18046875 0.575 0.0609375 0.12222222222222222
2 0.734375 0.11666666666666667 0.090625 0.14444444444444443
0 0.4515625 0.18333333333333332 0.0375 0.15
0 0.31796875 0.3125 0.0484375 0.14722222222222223
0 0.22421875 0.20555555555555555 0.0359375 0.14444444444444443
0 0.18125 0.4888888888888889 0.053125 0.16666666666666666
0 0.25546875 0.20694444444444443 0.0390625 0.1361111111111111
0 0.69765625 0.5430555555555555 0.0765625 0.21944444444444444
