1 0.31796875 0.22916666666666666 0.0421875 0.08611111111111111
1 0.85625 0.37916666666666665 0.065625 0.18055555555555555
1 0.71484375 0.26805555555555555 0.0359375 0.10833333333333334
1 0.18125 0.48333333333333334 0.046875 0.1111111111111111
1 0.2453125 0.48194444444444445 0.046875 0.11388888888888889
2 0.53515625 0.11666666666666667 0.0765625 0.13333333333333333
1 0.790625 0.3416666666666667 0.034375 0.13333333333333333
0 0.3203125 0.2125 0.040625 0.10833333333333334
0 0.79296875 0.28194444444444444 0.0390625 0.18611111111111112
0 0.8015625 0.20833333333333334 0.040625 0.1388888888888889
0 0.8546875 0.3486111111111111 0.05 0.16944444444444445
0 0.18203125 0.41944444444444445 0.0609375 0.19444444444444445
0 0.7171875 0.18055555555555555 0.040625 0.09444444444444444
0 0.2390625 0.41805555555555557 0.0625 0.19722222222222222
