1 0.92578125 0.10277777777777777 0.0390625 0.08333333333333333
1 0.36796875 0.16527777777777777 0.0390625 0.09166666666666666
1 0.87265625 0.14166666666666666 0.0328125 0.11666666666666667
1 0.659375 0.7152777777777778 0.06875 0.20833333333333334
1 0.8359375 0.3055555555555556 0.040625 0.11666666666666667
2 0.6875 0.24027777777777778 0.121875 0.25833333333333336
2 0.75546875 0.13333333333333333 0.1109375 0.18333333333333332
2 0.30234375 0.7319444444444444 0.2359375 0.38055555555555554
0 0.02109375 0.24583333333333332 0.0296875 0.1527777777777778
0 0.83359375 0.21666666666666667 0.0421875 0.09444444444444444
0 0.6640625 0.6125 0.078125 0.225
0 0.87265625 0.1125 0.0328125 0.11944444444444445
