1 0.5265625 0.3680555555555556 0.025 0.058333333333333334
1 0.846875 0.3416666666666667 0.034375 0.09444444444444444
1 0.7140625 0.23333333333333334 0.025 0.05
1 0.5140625 0.75 0.040625 0.09444444444444444
2 0.5296875 0.4875 0.078125 0.19166666666666668
2 0.71796875 0.14444444444444443 0.0390625 0.05
2 0.71484375 0.16666666666666666 0.0421875 0.05555555555555555
0 0.434375 0.3472222222222222 0.01875 0.06111111111111111
0 0.8484375 0.2847222222222222 0.025 0.05277777777777778
0 0.24453125 0.7638888888888888 0.0328125 0.1
0 0.40546875 0.5847222222222223 0.0296875 0.11388888888888889
0 0.5234375 0.35694444444444445 0.025 0.075
0 0.44921875 0.35555555555555557 0.0171875 0.07777777777777778
0 0.50390625 0.6583333333333333 0.0515625 0.11666666666666667
