1 0.5265625 0.6833333333333333 0.046875 0.12777777777777777
1 0.753125 0.2152777777777778 0.021875 0.075
1 0.6640625 0.20277777777777778 0.03125 0.06111111111111111
1 0.53203125 0.2722222222222222 0.0203125 0.06666666666666667
1 0.55078125 0.2861111111111111 0.0234375 0.06111111111111111
2 0.42890625 0.31666666666666665 0.0578125 0.08333333333333333
0 0.5109375 0.20972222222222223 0.015625 0.05277777777777778
0 0.3765625 0.4861111111111111 0.034375 0.11666666666666667
0 0.409375 0.49027777777777776 0.034375 0.10833333333333334
0 0.5328125 0.24861111111111112 0.01875 0.06388888888888888
0 0.334375 0.5194444444444445 0.034375 0.1388888888888889
0 0.515625 0.34305555555555556 0.025 0.06944444444444445
0 0.33671875 0.7930555555555555 0.0453125 0.16944444444444445
0 0.44609375 0.4847222222222222 0.0328125 0.11944444444444445
0 0.52421875 0.65 0.0515625 0.1388888888888889
