1 0.64765625 0.20972222222222223 0.1359375 0.2916666666666667
1 0.7828125 0.38333333333333336 0.04375 0.12777777777777777
1 0.5859375 0.6625 0.06875 0.19722222222222222
2 0.22421875 0.4444444444444444 0.1828125 0.23333333333333334
0 0.14921875 0.3375 0.0453125 0.1638888888888889
0 0.5859375 0.5930555555555556 0.06875 0.2361111111111111
0 0.8609375 0.1388888888888889 0.03125 0.15
0 0.9546875 0.18333333333333332 0.03125 0.16111111111111112
0 0.9265625 0.18333333333333332 0.0375 0.16666666666666666
0 0.7828125 0.3388888888888889 0.046875 0.18333333333333332
