1 0.8890625 0.13472222222222222 0.03125 0.10833333333333334
1 0.36640625 0.20555555555555555 0.0421875 0.1111111111111111
1 0.71875 0.48333333333333334 0.04375 0.14444444444444443
1 0.08203125 0.4111111111111111 0.0484375 0.10555555555555556
1 0.15859375 0.7166666666666667 0.1140625 0.21666666666666667
0 0.97578125 0.6138888888888889 0.0453125 0.3055555555555556
0 0.3671875 0.17777777777777778 0.040625 0.1388888888888889
0 0.17109375 0.6583333333333333 0.0671875 0.2111111111111111
0 0.71875 0.4125 0.046875 0.19166666666666668
0 0.8890625 0.10555555555555556 0.03125 0.12222222222222222
0 0.08203125 0.3486111111111111 0.0515625 0.14166666666666666
