1 0.81015625 0.3013888888888889 0.0421875 0.08055555555555556
1 0.6828125 0.20555555555555555 0.01875 0.05
2 0.44921875 0.30416666666666664 0.0640625 0.08055555555555556
2 0.40625 0.4013888888888889 0.040625 0.09722222222222222
2 0.71875 0.1361111111111111 0.034375 0.044444444444444446
2 0.6328125 0.19305555555555556 0.040625 0.06944444444444445
2 0.53671875 0.26666666666666666 0.0484375 0.07222222222222222
0 0.4703125 0.28194444444444444 0.015625 0.04722222222222222
0 0.2578125 0.7888888888888889 0.040625 0.17777777777777778
0 0.68046875 0.17916666666666667 0.0171875 0.04722222222222222
0 0.51640625 0.3861111111111111 0.0234375 0.08888888888888889
