1 0.41328125 0.7833333333333333 0.1171875 0.25555555555555554
1 0.9671875 0.875 0.0625 0.21666666666666667
1 0.9515625 0.3375 0.075 0.075
1 0.71328125 0.24722222222222223 0.0234375 0.06666666666666667
1 0.53359375 0.30694444444444446 0.0203125 0.058333333333333334
1 0.84921875 0.475 0.0390625 0.10555555555555556
1 0.6421875 0.20833333333333334 0.021875 0.05
2 0.7390625 0.15 0.05625 0.07222222222222222
2 0.4125 0.7638888888888888 0.11875 0.22777777777777777
2 0.6765625 0.11527777777777778 0.03125 0.04722222222222222
2 0.43828125 0.3013888888888889 0.0453125 0.06944444444444445
0 0.5140625 0.2833333333333333 0.015625 0.05
0 0.83984375 0.3888888888888889 0.0234375 0.06666666666666667
0 0.528125 0.2833333333333333 0.021875 0.05
0 0.30078125 0.5222222222222223 0.0234375 0.11666666666666667
0 0.4078125 0.4583333333333333 0.028125 0.07222222222222222
0 0.37578125 0.5055555555555555 0.0171875 0.08333333333333333
0 0.53515625 0.20694444444444443 0.0140625 0.041666666666666664
0 0.6421875 0.20833333333333334 0.021875 0.05
0 0.84140625 0.4125 0.0296875 0.10833333333333334
0 0.33203125 0.5166666666666667 0.0234375 0.12222222222222222
0 0.9671875 0.8083333333333333 0.059375 0.21666666666666667
