1 0.89296875 0.2513888888888889 0.0640625 0.2361111111111111
1 0.0890625 0.38055555555555554 0.046875 0.08333333333333333
1 0.7140625 0.3402777777777778 0.04375 0.11388888888888889
1 0.45546875 0.75 0.0734375 0.22777777777777777
0 0.4265625 0.5361111111111111 0.071875 0.2111111111111111
0 0.04921875 0.24583333333333332 0.0296875 0.125
0 0.2390625 0.8958333333333334 0.08125 0.18611111111111112
0 0.71484375 0.24305555555555555 0.0453125 0.10833333333333334
0 0.45625 0.6638888888888889 0.075 0.23333333333333334
0 0.08984375 0.3375 0.0515625 0.13055555555555556
