1 0.225 0.2625 0.103125 0.20833333333333334
1 0.34921875 0.1986111111111111 0.1015625 0.20833333333333334
1 0.59140625 0.28055555555555556 0.0390625 0.1111111111111111
1 0.05234375 0.4847222222222222 0.0484375 0.11388888888888889
1 0.85703125 0.2833333333333333 0.0421875 0.12777777777777777
0 0.97265625 0.2375 0.0453125 0.13055555555555556
0 0.0234375 0.24444444444444444 0.028125 0.15555555555555556
0 0.60234375 0.23333333333333334 0.0390625 0.17222222222222222
0 0.85703125 0.24027777777777778 0.0421875 0.14166666666666666
0 0.0546875 0.41944444444444445 0.053125 0.15555555555555556
