1 0.51328125 0.2638888888888889 0.0171875 0.05
1 0.7125 0.35138888888888886 0.034375 0.10833333333333334
1 0.753125 0.28055555555555556 0.04375 0.10555555555555556
1 0.515625 0.8972222222222223 0.046875 0.11666666666666667
2 0.628125 0.17916666666666667 0.028125 0.058333333333333334
2 0.68359375 0.09722222222222222 0.0265625 0.044444444444444446
2 0.7234375 0.14305555555555555 0.040625 0.05277777777777778
2 0.47265625 0.24444444444444444 0.0328125 0.05
2 0.39765625 0.40555555555555556 0.0671875 0.1
2 0.43046875 0.32222222222222224 0.0484375 0.07777777777777778
2 0.5046875 0.5486111111111112 0.1125 0.19722222222222222
0 0.67578125 0.14722222222222223 0.0140625 0.05
0 0.5125 0.25416666666666665 0.01875 0.04722222222222222
0 0.53125 0.17916666666666667 0.01875 0.04722222222222222
0 0.334375 0.5208333333333334 0.03125 0.1361111111111111
0 0.3890625 0.9638888888888889 0.0625 0.07222222222222222
0 0.4828125 0.31805555555555554 0.021875 0.06944444444444445
0 0.509375 0.8194444444444444 0.05 0.14444444444444443
