3 0.81796875 0.4875 0.2859375 0.5361111111111111
1 0.36171875 0.6097222222222223 0.0390625 0.10277777777777777
1 0.46328125 0.5097222222222222 0.0328125 0.11388888888888889
1 0.66875 0.19583333333333333 0.015625 0.041666666666666664
1 0.528125 0.30277777777777776 0.021875 0.05
2 0.53515625 0.1736111111111111 0.0234375 0.041666666666666664
2 0.6765625 0.1 0.034375 0.044444444444444446
2 0.40703125 0.4027777777777778 0.0421875 0.09444444444444444
2 0.42890625 0.31805555555555554 0.0484375 0.08055555555555556
2 0.7203125 0.1388888888888889 0.034375 0.05
2 0.490625 0.9291666666666667 0.1375 0.125
0 0.66640625 0.18472222222222223 0.0171875 0.05277777777777778
0 0.296875 0.6444444444444445 0.028125 0.06111111111111111
0 0.52421875 0.24444444444444444 0.0171875 0.044444444444444446
0 0.525 0.2833333333333333 0.021875 0.05555555555555555
0 0.46328125 0.49166666666666664 0.0328125 0.10555555555555556
0 0.36015625 0.5944444444444444 0.0421875 0.1111111111111111
0 0.46875 0.34444444444444444 0.025 0.06666666666666667
