1 0.2140625 0.3111111111111111 0.046875 0.12777777777777777
1 0.70625 0.5125 0.05 0.14166666666666666
1 0.63203125 0.24583333333333332 0.0328125 0.13055555555555556
1 0.2921875 0.20277777777777778 0.040625 0.10555555555555556
1 0.83125 0.10972222222222222 0.0375 0.10833333333333334
1 0.76640625 0.14027777777777778 0.0421875 0.10277777777777777
2 0.1171875 0.49027777777777776 0.20625 0.24166666666666667
2 0.15703125 0.8055555555555556 0.2859375 0.36666666666666664
0 0.83203125 0.07777777777777778 0.0359375 0.10555555555555556
0 0.02421875 0.23194444444444445 0.0265625 0.1638888888888889
0 0.5734375 0.11527777777777778 0.034375 0.11388888888888889
0 0.771875 0.1125 0.0375 0.11388888888888889
0 0.2921875 0.17083333333333334 0.0375 0.14166666666666666
0 0.7015625 0.3902777777777778 0.04375 0.10277777777777777
0 0.63671875 0.21388888888888888 0.0328125 0.15555555555555556
0 0.20703125 0.2791666666666667 0.0453125 0.14166666666666666
0 0.40546875 0.40555555555555556 0.0421875 0.19444444444444445
