1 0.8703125 0.1486111111111111 0.078125 0.18055555555555555
1 0.18671875 0.3861111111111111 0.2171875 0.3
1 0.32265625 0.3055555555555556 0.0421875 0.10555555555555556
1 0.640625 0.35138888888888886 0.0375 0.125
1 0.7203125 0.5902777777777778 0.03125 0.175
0 0.2625 0.2388888888888889 0.028125 0.15555555555555556
0 0.4125 0.1736111111111111 0.034375 0.10833333333333334
0 0.415625 0.24861111111111112 0.0375 0.11944444444444445
0 0.71875 0.5305555555555556 0.05 0.2222222222222222
0 0.31953125 0.2777777777777778 0.0421875 0.12222222222222222
0 0.64375 0.2791666666666667 0.04375 0.14166666666666666
0 0.8578125 0.425 0.05 0.21666666666666667
