1 0.48984375 0.8291666666666667 0.1265625 0.30277777777777776
1 0.5125 0.23194444444444445 0.015625 0.041666666666666664
1 0.92890625 0.9333333333333333 0.0703125 0.13333333333333333
1 0.675 0.3347222222222222 0.034375 0.08611111111111111
1 0.7125 0.28055555555555556 0.028125 0.06666666666666667
2 0.3953125 0.4083333333333333 0.06875 0.10555555555555556
2 0.46875 0.24861111111111112 0.025 0.058333333333333334
2 0.6359375 0.15138888888888888 0.025 0.058333333333333334
2 0.67578125 0.09861111111111111 0.0328125 0.04722222222222222
2 0.71953125 0.14027777777777778 0.0390625 0.058333333333333334
2 0.4375 0.3013888888888889 0.046875 0.06944444444444445
2 0.5109375 0.5763888888888888 0.103125 0.16944444444444445
0 0.3328125 0.5166666666666667 0.028125 0.13333333333333333
0 0.1109375 0.6944444444444444 0.0375 0.08888888888888889
0 0.35546875 0.7652777777777777 0.0515625 0.1361111111111111
0 0.315625 0.8180555555555555 0.040625 0.1638888888888889
0 0.93125 0.8736111111111111 0.075 0.23055555555555557
