1 0.20859375 0.7208333333333333 0.1953125 0.38055555555555554
1 0.5109375 0.5458333333333333 0.040625 0.1361111111111111
1 0.56484375 0.3458333333333333 0.0453125 0.11944444444444445
1 0.56796875 0.6833333333333333 0.0859375 0.20555555555555555
1 0.70703125 0.2361111111111111 0.0390625 0.10555555555555556
2 0.70546875 0.7805555555555556 0.2421875 0.3611111111111111
1 0.02734375 0.6263888888888889 0.0453125 0.14722222222222223
1 0.7953125 0.4513888888888889 0.028125 0.14166666666666666
0 0.52421875 0.41944444444444445 0.0640625 0.1111111111111111
0 0.71484375 0.20833333333333334 0.0421875 0.15
0 0.26328125 0.49444444444444446 0.0390625 0.07222222222222222
0 0.5640625 0.24583333333333332 0.040625 0.09722222222222222
0 0.015625 0.5541666666666667 0.03125 0.18055555555555555
0 0.20703125 0.24444444444444444 0.0421875 0.08333333333333333
0 0.79453125 0.3819444444444444 0.0390625 0.16944444444444445
0 0.56640625 0.6111111111111112 0.0734375 0.20555555555555555
