1 0.7203125 0.40694444444444444 0.03125 0.058333333333333334
1 0.715625 0.37916666666666665 0.0375 0.09722222222222222
1 0.71484375 0.2111111111111111 0.0234375 0.06666666666666667
1 0.52734375 0.28055555555555556 0.0203125 0.05
0 0.85546875 0.3388888888888889 0.0203125 0.05555555555555555
0 0.71484375 0.2111111111111111 0.0234375 0.06666666666666667
0 0.52734375 0.28055555555555556 0.0203125 0.05
0 0.71328125 0.3527777777777778 0.0359375 0.09444444444444444
0 0.9515625 0.42083333333333334 0.034375 0.14166666666666666
0 0.484375 0.9527777777777777 0.065625 0.09444444444444444
0 0.4390625 0.3402777777777778 0.021875 0.058333333333333334
