1 0.5765625 0.3277777777777778 0.1875 0.3277777777777778
1 0.1578125 0.5208333333333334 0.059375 0.11944444444444445
1 0.15 0.4736111111111111 0.075 0.19166666666666668
1 0.83515625 0.14722222222222223 0.0234375 0.07777777777777778
1 0.4671875 0.6041666666666666 0.065625 0.225
1 0.0390625 0.38055555555555554 0.05 0.12777777777777777
1 0.7140625 0.2777777777777778 0.04375 0.12222222222222222
2 0.56484375 0.33611111111111114 0.1734375 0.2722222222222222
2 0.71796875 0.1388888888888889 0.1078125 0.16666666666666666
0 0.15703125 0.3402777777777778 0.0515625 0.125
0 0.0265625 0.2388888888888889 0.034375 0.13333333333333333
0 0.45625 0.24305555555555555 0.0375 0.1638888888888889
0 0.7140625 0.2388888888888889 0.040625 0.16666666666666666
0 0.8328125 0.10416666666666667 0.034375 0.10277777777777777
0 0.35390625 0.1486111111111111 0.0359375 0.11388888888888889
0 0.0359375 0.3486111111111111 0.04375 0.14166666666666666
