1 0.665625 0.13333333333333333 0.0125 0.03888888888888889
1 0.7 0.2125 0.034375 0.09166666666666666
1 0.46796875 0.4722222222222222 0.0359375 0.1
1 0.51484375 0.2652777777777778 0.0171875 0.041666666666666664
1 0.48828125 0.3736111111111111 0.0203125 0.04722222222222222
2 0.72265625 0.14027777777777778 0.0390625 0.04722222222222222
2 0.6828125 0.09583333333333334 0.028125 0.04722222222222222
2 0.42890625 0.32083333333333336 0.0484375 0.075
0 0.33515625 0.5194444444444445 0.0328125 0.1388888888888889
0 0.4859375 0.35 0.021875 0.06111111111111111
0 0.46640625 0.4597222222222222 0.0328125 0.09722222222222222
