1 0.853125 0.2833333333333333 0.078125 0.25
1 0.7390625 0.24444444444444444 0.096875 0.25555555555555554
3 0.06171875 0.20694444444444443 0.1234375 0.23055555555555557
3 0.19765625 0.2861111111111111 0.1015625 0.2222222222222222
1 0.45625 0.6416666666666667 0.0625 0.2
1 0.3578125 0.5819444444444445 0.065625 0.18611111111111112
0 0.6234375 0.20972222222222223 0.040625 0.14722222222222223
0 0.3484375 0.2375 0.034375 0.125
0 0.7828125 0.8222222222222222 0.071875 0.35555555555555557
0 0.36171875 0.5291666666666667 0.0671875 0.20833333333333334
0 0.75859375 0.6736111111111112 0.0640625 0.2361111111111111
0 0.4546875 0.5486111111111112 0.071875 0.20277777777777778
