1 0.8609375 0.4166666666666667 0.078125 0.20555555555555555
1 0.89921875 0.30833333333333335 0.0296875 0.06111111111111111
1 0.68671875 0.17777777777777778 0.0140625 0.05
1 0.478125 0.38055555555555554 0.025 0.07222222222222222
1 0.52734375 0.4125 0.0265625 0.058333333333333334
2 0.47265625 0.24722222222222223 0.0453125 0.07222222222222222
2 0.68359375 0.09583333333333334 0.0296875 0.05277777777777778
2 0.721875 0.14166666666666666 0.040625 0.05
2 0.39765625 0.40555555555555556 0.0640625 0.09444444444444444
2 0.3390625 0.8722222222222222 0.13125 0.25
2 0.6546875 0.28194444444444444 0.05 0.11388888888888889
2 0.4296875 0.3194444444444444 0.046875 0.07777777777777778
2 0.53203125 0.2833333333333333 0.0546875 0.08333333333333333
2 0.51796875 0.8013888888888889 0.1546875 0.2861111111111111
0 0.5234375 0.37777777777777777 0.028125 0.06111111111111111
0 0.68671875 0.17777777777777778 0.0140625 0.05
0 0.33359375 0.5180555555555556 0.0296875 0.1361111111111111
