1 0.3625 0.6097222222222223 0.040625 0.10277777777777777
1 0.67734375 0.16805555555555557 0.0234375 0.04722222222222222
1 0.7578125 0.2375 0.025 0.058333333333333334
1 0.9671875 0.7375 0.05625 0.225
1 0.49609375 0.41388888888888886 0.0265625 0.06666666666666667
1 0.72421875 0.2777777777777778 0.0265625 0.06111111111111111
2 0.53671875 0.2875 0.0421875 0.08055555555555556
2 0.67578125 0.1 0.0328125 0.044444444444444446
2 0.72109375 0.1388888888888889 0.0359375 0.05
2 0.40703125 0.3902777777777778 0.0421875 0.09722222222222222
2 0.428125 0.31805555555555554 0.05625 0.08611111111111111
2 0.62734375 0.18611111111111112 0.0484375 0.08333333333333333
2 0.51484375 0.7416666666666667 0.1578125 0.2722222222222222
0 0.525 0.20833333333333334 0.015625 0.044444444444444446
0 0.49296875 0.24166666666666667 0.0140625 0.05
0 0.71953125 0.25 0.0171875 0.044444444444444446
0 0.5484375 0.18333333333333332 0.0125 0.03888888888888889
0 0.96796875 0.6513888888888889 0.0484375 0.1361111111111111
0 0.3609375 0.5930555555555556 0.040625 0.11944444444444445
0 0.37734375 0.48055555555555557 0.0359375 0.12222222222222222
0 0.49375 0.3861111111111111 0.021875 0.05555555555555555
0 0.3234375 0.8236111111111111 0.05625 0.15833333333333333
