1 0.66796875 0.8833333333333333 0.1734375 0.23333333333333334
1 0.54765625 0.10277777777777777 0.0390625 0.08888888888888889
1 0.25703125 0.24027777777777778 0.0390625 0.09722222222222222
1 0.18828125 0.5791666666666667 0.0640625 0.10277777777777777
2 0.40625 0.2763888888888889 0.14375 0.21944444444444444
0 0.02421875 0.23194444444444445 0.0265625 0.15833333333333333
0 0.6203125 0.21388888888888888 0.04375 0.14444444444444443
0 0.3484375 0.16944444444444445 0.04375 0.12222222222222222
0 0.09140625 0.9430555555555555 0.0828125 0.11388888888888889
0 0.1859375 0.49027777777777776 0.071875 0.19166666666666668
0 0.2578125 0.20833333333333334 0.040625 0.13333333333333333
0 0.696875 0.4236111111111111 0.053125 0.23055555555555557
