1 0.88125 0.4736111111111111 0.0875 0.25277777777777777
1 0.51328125 0.4388888888888889 0.0234375 0.05555555555555555
1 0.72578125 0.20555555555555555 0.0234375 0.05555555555555555
1 0.95078125 0.33611111111111114 0.0765625 0.08888888888888889
1 0.53671875 0.2708333333333333 0.0171875 0.058333333333333334
1 0.64453125 0.2 0.0171875 0.05
1 0.70546875 0.3111111111111111 0.0265625 0.06111111111111111
1 0.771875 0.5875 0.04375 0.14166666666666666
2 0.74296875 0.15 0.0421875 0.05
2 0.39765625 0.3875 0.0640625 0.125
2 0.6765625 0.11388888888888889 0.034375 0.044444444444444446
2 0.4390625 0.3 0.046875 0.07222222222222222
0 0.33046875 0.5138888888888888 0.0296875 0.12222222222222222
0 0.36953125 0.4861111111111111 0.0328125 0.1111111111111111
0 0.51015625 0.4152777777777778 0.0234375 0.075
0 0.278125 0.8694444444444445 0.046875 0.15555555555555556
0 0.35703125 0.5888888888888889 0.0328125 0.12222222222222222
0 0.4859375 0.7916666666666666 0.0625 0.17777777777777778
0 0.77109375 0.5527777777777778 0.0421875 0.15555555555555556
0 0.70234375 0.2763888888888889 0.0234375 0.06388888888888888
