1 0.28671875 0.6708333333333333 0.2515625 0.38055555555555554
1 0.471875 0.49166666666666664 0.078125 0.1388888888888889
1 0.55234375 0.34305555555555556 0.0453125 0.11944444444444445
1 0.8796875 0.24722222222222223 0.040625 0.1111111111111111
2 0.6875 0.31527777777777777 0.178125 0.26944444444444443
1 0.4703125 0.5083333333333333 0.078125 0.12777777777777777
0 0.64375 0.9611111111111111 0.065625 0.07777777777777778
0 0.48203125 0.6763888888888889 0.0796875 0.21388888888888888
0 0.553125 0.24305555555555555 0.046875 0.11944444444444445
0 0.31953125 0.44166666666666665 0.0390625 0.08333333333333333
0 0.87890625 0.2111111111111111 0.0390625 0.11666666666666667
0 0.53203125 0.7458333333333333 0.0515625 0.15833333333333333
0 0.3390625 0.4375 0.04375 0.09166666666666666
0 0.23359375 0.9333333333333333 0.0859375 0.13333333333333333
0 0.40625 0.7986111111111112 0.084375 0.19166666666666668
0 0.25859375 0.4263888888888889 0.0515625 0.11944444444444445
