1 0.9515625 0.31805555555555554 0.08125 0.08611111111111111
1 0.50390625 0.7208333333333333 0.0421875 0.09722222222222222
1 0.540625 0.20416666666666666 0.01875 0.058333333333333334
1 0.39453125 0.7569444444444444 0.0453125 0.11388888888888889
1 0.8 0.4527777777777778 0.034375 0.11666666666666667
1 0.85703125 0.5527777777777778 0.0671875 0.12222222222222222
0 0.49296875 0.6527777777777778 0.0390625 0.1111111111111111
0 0.4875 0.6138888888888889 0.025 0.06666666666666667
0 0.79375 0.3875 0.021875 0.04722222222222222
0 0.38046875 0.7152777777777778 0.0421875 0.11944444444444445
0 0.33203125 0.5208333333333334 0.0359375 0.1361111111111111
0 0.84765625 0.2847222222222222 0.0203125 0.09166666666666666
0 0.86015625 0.5111111111111111 0.0453125 0.15555555555555556
