1 0.2359375 0.3375 0.046875 0.09722222222222222
1 0.84296875 0.375 0.0453125 0.12222222222222222
1 0.64375 0.3111111111111111 0.046875 0.12222222222222222
2 0.86875 0.06944444444444445 0.053125 0.05555555555555555
2 0.09453125 0.5902777777777778 0.1890625 0.275
0 0.78359375 0.7166666666666667 0.0515625 0.14444444444444443
0 0.2390625 0.275 0.046875 0.1
0 0.6453125 0.2791666666666667 0.046875 0.1527777777777778
0 0.7765625 0.8611111111111112 0.065625 0.2777777777777778
0 0.8390625 0.3125 0.046875 0.16944444444444445
