1 0.61796875 0.20694444444444443 0.0265625 0.041666666666666664
1 0.50859375 0.20416666666666666 0.0140625 0.041666666666666664
1 0.6671875 0.1736111111111111 0.028125 0.04722222222222222
1 0.5453125 0.19722222222222222 0.015625 0.03333333333333333
1 0.95234375 0.3388888888888889 0.0734375 0.07777777777777778
1 0.48984375 0.4736111111111111 0.0328125 0.10277777777777777
1 0.759375 0.4125 0.034375 0.10277777777777777
2 0.678125 0.10138888888888889 0.03125 0.041666666666666664
2 0.6671875 0.1736111111111111 0.028125 0.04722222222222222
2 0.721875 0.1375 0.034375 0.05277777777777778
2 0.39921875 0.3902777777777778 0.0609375 0.09166666666666666
2 0.43203125 0.30277777777777776 0.0578125 0.07777777777777778
0 0.3765625 0.5166666666666667 0.034375 0.12222222222222222
0 0.4875 0.24583333333333332 0.01875 0.05277777777777778
0 0.75546875 0.38055555555555554 0.0328125 0.10555555555555556
0 0.50859375 0.20416666666666666 0.0140625 0.041666666666666664
0 0.3359375 0.5194444444444445 0.034375 0.14444444444444443
0 0.4875 0.45694444444444443 0.03125 0.10277777777777777
0 0.396875 0.5236111111111111 0.0375 0.11944444444444445
