1 0.8171875 0.525 0.10625 0.21666666666666667
1 0.9515625 0.3388888888888889 0.071875 0.07777777777777778
1 0.82109375 0.21666666666666667 0.0734375 0.09444444444444444
1 0.771875 0.30833333333333335 0.021875 0.05
1 0.5078125 0.26944444444444443 0.025 0.044444444444444446
1 0.5484375 0.16805555555555557 0.015625 0.041666666666666664
1 0.49296875 0.4486111111111111 0.0265625 0.06388888888888888
1 0.6859375 0.21388888888888888 0.021875 0.05
1 0.8734375 0.3819444444444444 0.059375 0.09722222222222222
1 0.70625 0.3458333333333333 0.028125 0.06944444444444445
2 0.36640625 0.8986111111111111 0.1359375 0.19166666666666668
2 0.43125 0.3 0.059375 0.07777777777777778
2 0.53046875 0.8708333333333333 0.1703125 0.25833333333333336
0 0.8703125 0.34444444444444444 0.04375 0.11666666666666667
0 0.7703125 0.2791666666666667 0.025 0.06944444444444445
0 0.70078125 0.30833333333333335 0.0234375 0.05555555555555555
0 0.2640625 0.7611111111111111 0.034375 0.17222222222222222
0 0.490625 0.42083333333333334 0.03125 0.09722222222222222
