1 0.49453125 0.5111111111111111 0.0328125 0.10555555555555556
1 0.3625 0.6111111111111112 0.040625 0.1
1 0.6875 0.21388888888888888 0.025 0.05555555555555555
1 0.815625 0.45 0.034375 0.1111111111111111
1 0.7578125 0.2375 0.025 0.06388888888888888
2 0.66015625 0.1527777777777778 0.0203125 0.05
2 0.6765625 0.1 0.03125 0.044444444444444446
2 0.72109375 0.1388888888888889 0.0359375 0.05
2 0.43046875 0.3194444444444444 0.0484375 0.08333333333333333
2 0.4078125 0.3902777777777778 0.04375 0.09722222222222222
2 0.6171875 0.1736111111111111 0.04375 0.06388888888888888
2 0.5359375 0.3486111111111111 0.053125 0.11944444444444445
0 0.803125 0.3861111111111111 0.01875 0.05
0 0.5234375 0.2125 0.015625 0.03611111111111111
0 0.81171875 0.41805555555555557 0.0328125 0.10833333333333334
0 0.3609375 0.5930555555555556 0.040625 0.10833333333333334
0 0.4875 0.2763888888888889 0.015625 0.05277777777777778
0 0.490625 0.49027777777777776 0.034375 0.10277777777777777
0 0.3109375 0.8736111111111111 0.0625 0.19166666666666668
