1 0.83125 0.2152777777777778 0.071875 0.09166666666666666
1 0.95234375 0.3388888888888889 0.0734375 0.07777777777777778
1 0.6421875 0.2111111111111111 0.021875 0.05
1 0.43515625 0.7916666666666666 0.0578125 0.09444444444444444
1 0.503125 0.37083333333333335 0.021875 0.058333333333333334
1 0.825 0.575 0.0375 0.12777777777777777
2 0.49453125 0.8972222222222223 0.1734375 0.20555555555555555
2 0.67734375 0.10138888888888889 0.0328125 0.04722222222222222
2 0.60703125 0.17916666666666667 0.0328125 0.04722222222222222
2 0.978125 0.7972222222222223 0.0375 0.3111111111111111
2 0.3984375 0.39166666666666666 0.0625 0.08888888888888889
2 0.721875 0.1388888888888889 0.034375 0.05555555555555555
2 0.4328125 0.3013888888888889 0.05625 0.075
0 0.4859375 0.24444444444444444 0.01875 0.05555555555555555
0 0.409375 0.5069444444444444 0.021875 0.08611111111111111
0 0.50703125 0.2 0.0140625 0.044444444444444446
0 0.33671875 0.5166666666666667 0.0328125 0.1388888888888889
0 0.43359375 0.75 0.0484375 0.15555555555555556
0 0.5015625 0.3527777777777778 0.021875 0.07222222222222222
0 0.81953125 0.5138888888888888 0.0390625 0.13333333333333333
