1 0.61875 0.8819444444444444 0.175 0.21388888888888888
1 0.3421875 0.5388888888888889 0.225 0.35
1 0.48828125 0.3680555555555556 0.1484375 0.33611111111111114
1 0.80234375 0.06527777777777778 0.0234375 0.04722222222222222
1 0.06953125 0.4083333333333333 0.0421875 0.10555555555555556
1 0.0421875 0.5208333333333334 0.0625 0.11944444444444445
2 0.5125 0.1527777777777778 0.115625 0.12222222222222222
0 0.0359375 0.47638888888888886 0.0625 0.18611111111111112
0 0.95390625 0.18333333333333332 0.0265625 0.16666666666666666
0 0.26171875 0.37916666666666665 0.0515625 0.14722222222222223
0 0.06953125 0.3763888888888889 0.0453125 0.13055555555555556
0 0.92734375 0.18472222222222223 0.0328125 0.1638888888888889
0 0.2765625 0.30277777777777776 0.046875 0.15
0 0.78984375 0.4097222222222222 0.0484375 0.225
