1 0.41015625 0.14444444444444443 0.0828125 0.18333333333333332
1 0.2875 0.2013888888888889 0.0875 0.20277777777777778
1 0.85625 0.10833333333333334 0.04375 0.10555555555555556
1 0.50625 0.4222222222222222 0.046875 0.12777777777777777
1 0.9453125 0.20694444444444443 0.0375 0.09722222222222222
1 0.20078125 0.3472222222222222 0.0453125 0.09444444444444444
1 0.69609375 0.17222222222222222 0.0453125 0.11666666666666667
1 0.7984375 0.4166666666666667 0.046875 0.12777777777777777
2 0.75234375 0.09305555555555556 0.0828125 0.10277777777777777
0 0.50546875 0.3527777777777778 0.0453125 0.19444444444444445
0 0.69609375 0.14583333333333334 0.0421875 0.14166666666666666
0 0.02265625 0.24305555555555555 0.0296875 0.15833333333333333
0 0.79921875 0.35 0.0484375 0.15
0 0.20390625 0.30277777777777776 0.0453125 0.14444444444444443
0 0.94609375 0.1736111111111111 0.0359375 0.125
