1 0.7625 0.23472222222222222 0.01875 0.05277777777777778
1 0.7 0.19583333333333333 0.01875 0.05277777777777778
1 0.4671875 0.5097222222222222 0.021875 0.058333333333333334
2 0.72109375 0.1388888888888889 0.0328125 0.05
2 0.42890625 0.31805555555555554 0.0546875 0.08055555555555556
2 0.40703125 0.3902777777777778 0.0421875 0.09166666666666666
2 0.50078125 0.3194444444444444 0.0484375 0.1111111111111111
2 0.67578125 0.10138888888888889 0.0359375 0.04722222222222222
2 0.5359375 0.26666666666666666 0.040625 0.07777777777777778
0 0.69921875 0.18333333333333332 0.0203125 0.05555555555555555
0 0.296875 0.6444444444444445 0.028125 0.06111111111111111
0 0.4640625 0.47638888888888886 0.03125 0.10277777777777777
0 0.359375 0.5958333333333333 0.040625 0.10833333333333334
