1 0.44375 0.6222222222222222 0.065625 0.14444444444444443
1 0.4046875 0.9166666666666666 0.1125 0.16666666666666666
1 0.31875 0.34444444444444444 0.04375 0.08333333333333333
2 0.9296875 0.05138888888888889 0.046875 0.041666666666666664
1 0.17578125 0.31666666666666665 0.0546875 0.09444444444444444
1 0.80234375 0.5833333333333334 0.0328125 0.14444444444444443
0 0.440625 0.5555555555555556 0.065625 0.18333333333333332
0 0.66875 0.5902777777777778 0.059375 0.10277777777777777
0 0.40546875 0.8680555555555556 0.0921875 0.23055555555555557
0 0.803125 0.5125 0.040625 0.21388888888888888
0 0.16953125 0.26944444444444443 0.0390625 0.1388888888888889
0 0.321875 0.2777777777777778 0.04375 0.13333333333333333
