1 0.603125 0.20416666666666666 0.021875 0.041666666666666664
1 0.76171875 0.3347222222222222 0.0265625 0.058333333333333334
1 0.9515625 0.33611111111111114 0.071875 0.07222222222222222
1 0.50859375 0.24583333333333332 0.0234375 0.05277777777777778
1 0.70078125 0.19722222222222222 0.0203125 0.05
1 0.69921875 0.17916666666666667 0.0265625 0.06388888888888888
1 0.759375 0.3125 0.034375 0.09166666666666666
1 0.8515625 0.4736111111111111 0.040625 0.10277777777777777
1 0.51328125 0.8222222222222222 0.0484375 0.1388888888888889
2 0.50859375 0.17083333333333334 0.0296875 0.041666666666666664
2 0.621875 0.14722222222222223 0.025 0.05
2 0.74140625 0.1486111111111111 0.0453125 0.058333333333333334
2 0.39765625 0.3861111111111111 0.0640625 0.13333333333333333
2 0.43828125 0.3 0.0453125 0.07222222222222222
0 0.48828125 0.6833333333333333 0.0640625 0.1111111111111111
0 0.5125 0.7930555555555555 0.046875 0.13055555555555556
0 0.7546875 0.2847222222222222 0.025 0.041666666666666664
0 0.5046875 0.7527777777777778 0.065625 0.09444444444444444
0 0.4765625 0.6555555555555556 0.046875 0.1
0 0.3328125 0.5208333333333334 0.03125 0.14166666666666666
0 0.31015625 0.7291666666666666 0.0421875 0.1638888888888889
0 0.84921875 0.4166666666666667 0.0390625 0.1111111111111111
