1 0.753125 0.24583333333333332 0.021875 0.06944444444444445
1 0.7015625 0.17083333333333334 0.025 0.05277777777777778
1 0.95234375 0.3388888888888889 0.0703125 0.07222222222222222
1 0.753125 0.26805555555555555 0.021875 0.05277777777777778
1 0.6625 0.20555555555555555 0.01875 0.05
1 0.7015625 0.38333333333333336 0.028125 0.06666666666666667
2 0.721875 0.14305555555555555 0.028125 0.04722222222222222
2 0.3953125 0.4097222222222222 0.06875 0.09722222222222222
2 0.74140625 0.1486111111111111 0.0390625 0.05277777777777778
0 0.896875 0.3125 0.021875 0.06944444444444445
0 0.33359375 0.5194444444444445 0.0296875 0.12777777777777777
0 0.69921875 0.34444444444444444 0.0265625 0.05555555555555555
0 0.8625 0.3375 0.025 0.10833333333333334
0 0.28203125 0.8958333333333334 0.0484375 0.14722222222222223
0 0.31328125 0.725 0.0546875 0.2111111111111111
0 0.42890625 0.5069444444444444 0.0484375 0.14722222222222223
0 0.50703125 0.8972222222222223 0.0734375 0.19444444444444445
