1 0.16015625 0.3402777777777778 0.0421875 0.09166666666666666
1 0.4484375 0.8902777777777777 0.084375 0.20277777777777778
1 0.33359375 0.8083333333333333 0.0796875 0.2388888888888889
2 0.31484375 0.35138888888888886 0.1484375 0.25833333333333336
0 0.0234375 0.23333333333333334 0.025 0.15555555555555556
0 0.64921875 0.20277777777777778 0.0421875 0.16111111111111112
0 0.33984375 0.7361111111111112 0.0828125 0.23333333333333334
0 0.44921875 0.15138888888888888 0.0328125 0.14722222222222223
0 0.26328125 0.2152777777777778 0.0421875 0.11388888888888889
0 0.16171875 0.2777777777777778 0.0453125 0.14444444444444443
0 0.45546875 0.8152777777777778 0.0921875 0.25833333333333336
0 0.6203125 0.4125 0.05 0.20833333333333334
