1 0.18359375 0.8819444444444444 0.0859375 0.20833333333333334
1 0.7984375 0.5166666666666667 0.06875 0.17777777777777778
1 0.534375 0.3125 0.046875 0.14166666666666666
1 0.62421875 0.4097222222222222 0.0453125 0.14166666666666666
0 0.79921875 0.4152777777777778 0.0609375 0.10277777777777777
0 0.96640625 0.2513888888888889 0.0296875 0.175
0 0.97578125 0.31527777777777777 0.0421875 0.30833333333333335
0 0.6359375 0.6180555555555556 0.0625 0.19166666666666668
0 0.53359375 0.2763888888888889 0.0453125 0.1361111111111111
0 0.62578125 0.3111111111111111 0.0484375 0.12222222222222222
0 0.8 0.4791666666666667 0.06875 0.19722222222222222
0 0.17890625 0.7541666666666667 0.0671875 0.14722222222222223
0 0.27578125 0.8791666666666667 0.0859375 0.20833333333333334
