1 0.51171875 0.7263888888888889 0.2265625 0.35833333333333334
1 0.61953125 0.8805555555555555 0.1703125 0.22777777777777777
1 0.28046875 0.4527777777777778 0.0453125 0.12222222222222222
1 0.58984375 0.3861111111111111 0.0453125 0.1388888888888889
1 0.45625 0.4486111111111111 0.05 0.14722222222222223
2 0.41875 0.1638888888888889 0.115625 0.15
0 0.45703125 0.4166666666666667 0.0484375 0.17222222222222222
0 0.45625 0.3472222222222222 0.040625 0.09444444444444444
0 0.5328125 0.44027777777777777 0.046875 0.11388888888888889
0 0.8890625 0.7416666666666667 0.075 0.23333333333333334
0 0.5875 0.3111111111111111 0.04375 0.12222222222222222
0 0.28125 0.3861111111111111 0.053125 0.15555555555555556
