1 0.8171875 0.21805555555555556 0.08125 0.08611111111111111
1 0.934375 0.3111111111111111 0.084375 0.07777777777777778
1 0.66328125 0.2111111111111111 0.0171875 0.05
1 0.40078125 0.7527777777777778 0.0390625 0.10555555555555556
1 0.8 0.7222222222222222 0.0625 0.1388888888888889
1 0.5265625 0.7208333333333333 0.0375 0.10277777777777777
2 0.54453125 0.20416666666666666 0.0265625 0.04722222222222222
2 0.74296875 0.15138888888888888 0.0390625 0.05277777777777778
2 0.628125 0.13472222222222222 0.025 0.041666666666666664
2 0.70625 0.2152777777777778 0.046875 0.08055555555555556
2 0.534375 0.20833333333333334 0.028125 0.044444444444444446
2 0.3984375 0.3875 0.0625 0.10833333333333334
2 0.43984375 0.3 0.0453125 0.06666666666666667
2 0.51328125 0.49583333333333335 0.1015625 0.16944444444444445
0 0.50625 0.20972222222222223 0.015625 0.04722222222222222
0 0.5046875 0.24166666666666667 0.015625 0.05555555555555555
0 0.66328125 0.2111111111111111 0.0171875 0.05
0 0.29765625 0.6527777777777778 0.0421875 0.12222222222222222
0 0.5203125 0.65 0.046875 0.11666666666666667
0 0.253125 0.6472222222222223 0.0375 0.12222222222222222
0 0.79921875 0.6583333333333333 0.0515625 0.16111111111111112
0 0.39453125 0.6888888888888889 0.0453125 0.12222222222222222
