1 0.83359375 0.2125 0.0671875 0.09166666666666666
1 0.9515625 0.3388888888888889 0.071875 0.07777777777777778
1 0.415625 0.5791666666666667 0.03125 0.10277777777777777
1 0.54296875 0.37222222222222223 0.0234375 0.05
1 0.51171875 0.5138888888888888 0.0265625 0.06111111111111111
1 0.54921875 0.2722222222222222 0.0203125 0.05
1 0.7625 0.4388888888888889 0.0375 0.1
2 0.43984375 0.2986111111111111 0.0453125 0.06944444444444445
0 0.5296875 0.175 0.0125 0.03888888888888889
0 0.41484375 0.5513888888888889 0.0328125 0.10833333333333334
0 0.765625 0.2652777777777778 0.01875 0.075
0 0.33203125 0.5208333333333334 0.0296875 0.13055555555555556
0 0.54140625 0.3486111111111111 0.0234375 0.075
0 0.51015625 0.48194444444444445 0.0296875 0.10277777777777777
0 0.75625 0.38333333333333336 0.0375 0.10555555555555556
0 0.29921875 0.7180555555555556 0.0390625 0.15833333333333333
