1 0.74140625 0.17083333333333334 0.0234375 0.03611111111111111
1 0.8296875 0.3125 0.025 0.06944444444444445
1 0.546875 0.2013888888888889 0.01875 0.041666666666666664
1 0.63125 0.16805555555555557 0.015625 0.041666666666666664
2 0.6828125 0.10277777777777777 0.025 0.044444444444444446
2 0.72109375 0.14027777777777778 0.0328125 0.04722222222222222
2 0.4296875 0.31805555555555554 0.05625 0.08611111111111111
0 0.54453125 0.18055555555555555 0.0203125 0.044444444444444446
0 0.4890625 0.24722222222222223 0.015625 0.05555555555555555
0 0.50859375 0.24444444444444444 0.0140625 0.05
0 0.44375 0.4736111111111111 0.034375 0.10277777777777777
