1 0.8328125 0.21666666666666667 0.0625 0.08333333333333333
1 0.553125 0.20416666666666666 0.01875 0.041666666666666664
1 0.78515625 0.3013888888888889 0.0234375 0.05277777777777778
1 0.3609375 0.6111111111111112 0.040625 0.1
1 0.534375 0.2833333333333333 0.025 0.06111111111111111
1 0.70703125 0.2 0.0171875 0.05
1 0.64375 0.2 0.015625 0.044444444444444446
1 0.68515625 0.24166666666666667 0.0234375 0.05
2 0.5015625 0.3875 0.05 0.125
2 0.396875 0.4027777777777778 0.059375 0.09444444444444444
2 0.72109375 0.1388888888888889 0.0359375 0.05
2 0.6765625 0.10138888888888889 0.0375 0.04722222222222222
2 0.85078125 0.65 0.1609375 0.3055555555555556
0 0.465625 0.35 0.01875 0.06111111111111111
0 0.68125 0.21666666666666667 0.015625 0.03888888888888889
0 0.53046875 0.24444444444444444 0.0171875 0.03888888888888889
0 0.35859375 0.5944444444444444 0.0390625 0.10555555555555556
0 0.78203125 0.2763888888888889 0.0296875 0.10277777777777777
