1 0.5453125 0.45 0.025 0.06666666666666667
1 0.66484375 0.3125 0.0234375 0.058333333333333334
1 0.565625 0.4111111111111111 0.021875 0.05
1 0.52578125 0.30972222222222223 0.0234375 0.05277777777777778
1 0.50625 0.75 0.046875 0.1388888888888889
1 0.91953125 0.5805555555555556 0.0578125 0.11666666666666667
1 0.66796875 0.3388888888888889 0.0234375 0.05555555555555555
1 0.67734375 0.2361111111111111 0.0203125 0.05
2 0.7234375 0.14166666666666666 0.0375 0.05
2 0.3984375 0.3902777777777778 0.0625 0.08055555555555556
2 0.428125 0.3194444444444444 0.046875 0.07222222222222222
0 0.503125 0.7236111111111111 0.05 0.1361111111111111
0 0.67578125 0.21666666666666667 0.0203125 0.05555555555555555
0 0.66484375 0.3125 0.0234375 0.058333333333333334
0 0.5625 0.3819444444444444 0.028125 0.09722222222222222
0 0.33515625 0.5194444444444445 0.0328125 0.13333333333333333
0 0.91171875 0.5208333333333334 0.0453125 0.1361111111111111
