1 0.38671875 0.18472222222222223 0.0828125 0.18055555555555555
1 0.09765625 0.4791666666666667 0.1328125 0.26944444444444443
1 0.50546875 0.4125 0.0609375 0.11944444444444445
1 0.328125 0.8791666666666667 0.121875 0.23055555555555557
1 0.22421875 0.7402777777777778 0.0921875 0.19166666666666668
0 0.9578125 0.4041666666666667 0.046875 0.19166666666666668
0 0.775 0.07222222222222222 0.025 0.044444444444444446
0 0.83046875 0.14444444444444443 0.0390625 0.12777777777777777
0 0.534375 0.2708333333333333 0.040625 0.16944444444444445
0 0.92890625 0.19722222222222222 0.0390625 0.17222222222222222
0 0.2140625 0.6166666666666667 0.0625 0.14444444444444443
0 0.90703125 0.35138888888888886 0.0421875 0.19166666666666668
