1 0.31328125 0.23055555555555557 0.0390625 0.09444444444444444
1 0.6734375 0.7305555555555555 0.06875 0.3111111111111111
1 0.646875 0.37222222222222223 0.046875 0.12222222222222222
1 0.79609375 0.0763888888888889 0.0328125 0.058333333333333334
1 0.85234375 0.13333333333333333 0.0328125 0.10555555555555556
1 0.91015625 0.20833333333333334 0.0421875 0.11666666666666667
1 0.71796875 0.1375 0.0359375 0.125
1 0.86328125 0.37083333333333335 0.0390625 0.125
2 0.9578125 0.6125 0.08125 0.25833333333333336
2 0.01015625 0.4527777777777778 0.0203125 0.15555555555555556
2 0.48359375 0.6805555555555556 0.2671875 0.31666666666666665
0 0.9 0.17222222222222222 0.034375 0.15
0 0.3734375 0.47638888888888886 0.0375 0.20833333333333334
0 0.4140625 0.4722222222222222 0.059375 0.21666666666666667
0 0.31171875 0.20972222222222223 0.0421875 0.13055555555555556
0 0.853125 0.10555555555555556 0.034375 0.12222222222222222
0 0.8609375 0.3125 0.04375 0.14166666666666666
0 0.71875 0.11527777777777778 0.034375 0.1361111111111111
0 0.66875 0.6069444444444444 0.08125 0.2361111111111111
0 0.48828125 0.2986111111111111 0.0453125 0.08055555555555556
