1 0.32578125 0.5986111111111111 0.2359375 0.375
1 0.759375 0.1763888888888889 0.040625 0.11944444444444445
1 0.890625 0.2791666666666667 0.046875 0.13055555555555556
1 0.84765625 0.10138888888888889 0.0328125 0.10277777777777777
1 0.590625 0.3125 0.04375 0.14166666666666666
1 0.23203125 0.2791666666666667 0.0453125 0.09722222222222222
1 0.80390625 0.24166666666666667 0.0421875 0.13333333333333333
1 0.72109375 0.5916666666666667 0.0765625 0.19444444444444445
2 0.0890625 0.9430555555555555 0.175 0.10833333333333334
0 0.2609375 0.6097222222222223 0.065625 0.20277777777777778
0 0.7578125 0.14305555555555555 0.0375 0.13055555555555556
0 0.59140625 0.2763888888888889 0.0453125 0.175
0 0.1953125 0.5166666666666667 0.0625 0.1111111111111111
0 0.6 0.8930555555555556 0.06875 0.19166666666666668
0 0.7203125 0.5375 0.071875 0.21944444444444444
0 0.878125 0.23333333333333334 0.034375 0.17222222222222222
0 0.2328125 0.2111111111111111 0.040625 0.10555555555555556
0 0.8046875 0.21388888888888888 0.040625 0.16111111111111112
0 0.4484375 0.9027777777777778 0.096875 0.18333333333333332
