1 0.51875 0.7222222222222222 0.153125 0.42777777777777776
1 0.246875 0.7666666666666667 0.271875 0.4666666666666667
1 0.3765625 0.24027777777777778 0.04375 0.10277777777777777
1 0.50234375 0.2111111111111111 0.0421875 0.10555555555555556
1 0.21796875 0.26805555555555555 0.0421875 0.08611111111111111
1 0.1640625 0.5152777777777777 0.046875 0.11388888888888889
0 0.4484375 0.2861111111111111 0.025 0.12222222222222222
0 0.3421875 0.26944444444444443 0.046875 0.15
0 0.3765625 0.17916666666666667 0.04375 0.09166666666666666
0 0.21953125 0.2388888888888889 0.0390625 0.11666666666666667
0 0.91953125 0.15 0.0328125 0.14444444444444443
0 0.1640625 0.4444444444444444 0.05 0.17222222222222222
0 0.7484375 0.6597222222222222 0.065625 0.225
