1 0.48125 0.4375 0.06875 0.16944444444444445
1 0.8171875 0.21805555555555556 0.078125 0.08611111111111111
1 0.95078125 0.3375 0.0734375 0.075
1 0.54609375 0.20972222222222223 0.0171875 0.041666666666666664
1 0.6953125 0.23333333333333334 0.021875 0.05
1 0.8578125 0.4861111111111111 0.040625 0.11666666666666667
2 0.48125 0.4375 0.06875 0.16944444444444445
2 0.67578125 0.1125 0.0296875 0.041666666666666664
2 0.43984375 0.2986111111111111 0.0453125 0.06388888888888888
0 0.54609375 0.20972222222222223 0.0171875 0.041666666666666664
0 0.3328125 0.5166666666666667 0.028125 0.12222222222222222
0 0.3015625 0.5222222222222223 0.025 0.11666666666666667
0 0.6953125 0.21666666666666667 0.021875 0.05555555555555555
0 0.85625 0.44722222222222224 0.040625 0.1388888888888889
