1 0.3703125 0.85 0.121875 0.2777777777777778
1 0.6953125 0.34444444444444444 0.0875 0.18888888888888888
1 0.38671875 0.4847222222222222 0.0359375 0.10833333333333334
1 0.7625 0.23194444444444445 0.025 0.058333333333333334
1 0.7140625 0.24027777777777778 0.025 0.06388888888888888
1 0.74453125 0.3138888888888889 0.0296875 0.06111111111111111
1 0.665625 0.23472222222222222 0.01875 0.04722222222222222
1 0.665625 0.20833333333333334 0.01875 0.05
1 0.47578125 0.4736111111111111 0.0265625 0.058333333333333334
2 0.6953125 0.34444444444444444 0.0875 0.18888888888888888
2 0.46875 0.25 0.028125 0.05555555555555555
2 0.67578125 0.09861111111111111 0.0328125 0.04722222222222222
2 0.7203125 0.14027777777777778 0.03125 0.04722222222222222
2 0.39765625 0.4013888888888889 0.0609375 0.09722222222222222
2 0.42890625 0.31805555555555554 0.0546875 0.08611111111111111
2 0.5359375 0.31666666666666665 0.05625 0.10555555555555556
2 0.52578125 0.8875 0.1671875 0.21944444444444444
0 0.66640625 0.18333333333333332 0.0140625 0.044444444444444446
0 0.47421875 0.44583333333333336 0.0296875 0.10277777777777777
0 0.46953125 0.4222222222222222 0.0203125 0.06666666666666667
0 0.29609375 0.6444444444444445 0.0265625 0.06111111111111111
0 0.3671875 0.6458333333333334 0.0375 0.10833333333333334
