1 0.6359375 0.2152777777777778 0.01875 0.058333333333333334
1 0.27890625 0.8180555555555555 0.0984375 0.125
1 0.79140625 0.28194444444444444 0.0265625 0.075
1 0.509375 0.7513888888888889 0.04375 0.11388888888888889
1 0.55 0.4041666666666667 0.021875 0.058333333333333334
1 0.3609375 0.8861111111111111 0.0375 0.1
1 0.97890625 0.7222222222222222 0.0421875 0.1
1 0.5140625 0.7875 0.04375 0.10277777777777777
1 0.7765625 0.6930555555555555 0.046875 0.1361111111111111
1 0.86640625 0.47638888888888886 0.0390625 0.10277777777777777
2 0.67890625 0.10416666666666667 0.0265625 0.04722222222222222
2 0.46796875 0.2513888888888889 0.0328125 0.058333333333333334
2 0.721875 0.1388888888888889 0.0375 0.05555555555555555
2 0.40703125 0.3888888888888889 0.0421875 0.09444444444444444
2 0.4390625 0.30277777777777776 0.046875 0.07222222222222222
2 0.6859375 0.22083333333333333 0.046875 0.09166666666666666
2 0.5171875 0.5541666666666667 0.08125 0.18611111111111112
0 0.85546875 0.4083333333333333 0.0234375 0.06666666666666667
0 0.5359375 0.18055555555555555 0.0125 0.03888888888888889
0 0.8546875 0.3861111111111111 0.021875 0.05
0 0.8609375 0.41388888888888886 0.034375 0.1
0 0.50625 0.7236111111111111 0.046875 0.11388888888888889
0 0.76484375 0.5847222222222223 0.0453125 0.09722222222222222
0 0.97890625 0.6875 0.0390625 0.14722222222222223
0 0.9703125 0.4736111111111111 0.034375 0.1527777777777778
0 0.35859375 0.8180555555555555 0.0453125 0.13055555555555556
