1 0.95390625 0.33611111111111114 0.0703125 0.07777777777777778
1 0.67734375 0.26666666666666666 0.0234375 0.06111111111111111
1 0.5296875 0.30416666666666664 0.021875 0.06388888888888888
1 0.76171875 0.6861111111111111 0.0453125 0.12777777777777777
2 0.4359375 0.2986111111111111 0.04375 0.075
2 0.53203125 0.5402777777777777 0.1015625 0.23055555555555557
0 0.4546875 0.375 0.01875 0.07222222222222222
0 0.89140625 0.30416666666666664 0.0234375 0.08055555555555556
0 0.425 0.4041666666666667 0.01875 0.08611111111111111
0 0.61875 0.18055555555555555 0.015625 0.06111111111111111
0 0.67734375 0.20555555555555555 0.0234375 0.05555555555555555
0 0.52734375 0.28888888888888886 0.0203125 0.05555555555555555
0 0.4875 0.2513888888888889 0.01875 0.05277777777777778
0 0.2984375 0.8097222222222222 0.075 0.23055555555555557
0 0.75546875 0.5902777777777778 0.0484375 0.11388888888888889
0 0.39609375 0.5763888888888888 0.0328125 0.11388888888888889
0 0.334375 0.6791666666666667 0.040625 0.15833333333333333
