1 0.48203125 0.45694444444444443 0.0703125 0.16944444444444445
1 0.546875 0.23472222222222222 0.01875 0.04722222222222222
1 0.53671875 0.33611111111111114 0.0296875 0.06111111111111111
1 0.36171875 0.6097222222222223 0.0421875 0.09722222222222222
1 0.6984375 0.17916666666666667 0.01875 0.05277777777777778
1 0.6609375 0.20972222222222223 0.01875 0.04722222222222222
2 0.42890625 0.3138888888888889 0.0453125 0.07777777777777778
2 0.39609375 0.4027777777777778 0.0578125 0.08333333333333333
2 0.67578125 0.09861111111111111 0.0359375 0.04722222222222222
2 0.721875 0.14027777777777778 0.0375 0.05277777777777778
2 0.73984375 0.4111111111111111 0.0859375 0.18333333333333332
0 0.52734375 0.2763888888888889 0.0203125 0.041666666666666664
0 0.6609375 0.20972222222222223 0.01875 0.04722222222222222
0 0.35859375 0.5930555555555556 0.0390625 0.10277777777777777
0 0.6984375 0.17916666666666667 0.01875 0.05277777777777778
0 0.759375 0.24722222222222223 0.028125 0.09444444444444444
