1 0.36328125 0.75 0.0359375 0.12222222222222222
1 0.66953125 0.14027777777777778 0.0140625 0.041666666666666664
1 0.5078125 0.3 0.01875 0.044444444444444446
1 0.50546875 0.2833333333333333 0.0203125 0.05
1 0.25859375 0.825 0.1296875 0.19444444444444445
1 0.66171875 0.26666666666666666 0.0203125 0.05
1 0.73203125 0.2513888888888889 0.0421875 0.10833333333333334
1 0.53046875 0.20833333333333334 0.0171875 0.044444444444444446
1 0.484375 0.37083333333333335 0.021875 0.04722222222222222
1 0.65859375 0.24583333333333332 0.0203125 0.06388888888888888
2 0.72265625 0.14444444444444443 0.0390625 0.05555555555555555
2 0.3984375 0.39166666666666666 0.059375 0.08333333333333333
2 0.42890625 0.32083333333333336 0.0484375 0.075
2 0.4703125 0.7625 0.1625 0.2916666666666667
0 0.66953125 0.14027777777777778 0.0140625 0.041666666666666664
0 0.65859375 0.24583333333333332 0.0203125 0.06388888888888888
0 0.50546875 0.2833333333333333 0.0203125 0.05
0 0.33203125 0.5208333333333334 0.0296875 0.125
0 0.3609375 0.6875 0.034375 0.10277777777777777
0 0.4828125 0.35 0.025 0.06666666666666667
