1 0.84921875 0.26805555555555555 0.0734375 0.21388888888888888
1 0.159375 0.40694444444444444 0.165625 0.3194444444444444
1 0.50234375 0.2 0.0359375 0.1
1 0.0171875 0.4444444444444444 0.034375 0.12222222222222222
1 0.60703125 0.24305555555555555 0.0359375 0.11944444444444445
0 0.359375 0.2388888888888889 0.04375 0.1
0 0.359375 0.2833333333333333 0.046875 0.1
0 0.5015625 0.1486111111111111 0.034375 0.11388888888888889
0 0.01640625 0.38472222222222224 0.0328125 0.1527777777777778
0 0.60546875 0.2111111111111111 0.0359375 0.15
