1 0.31875 0.6597222222222222 0.384375 0.5694444444444444
1 0.928125 0.41944444444444445 0.04375 0.1388888888888889
1 0.546875 0.45416666666666666 0.04375 0.14722222222222223
1 0.659375 0.19722222222222222 0.040625 0.1
1 0.75625 0.1125 0.034375 0.10833333333333334
2 0.4828125 0.11388888888888889 0.0375 0.08888888888888889
1 0.753125 0.525 0.0375 0.15555555555555556
0 0.9265625 0.37777777777777777 0.04375 0.16666666666666666
0 0.75703125 0.46944444444444444 0.0609375 0.2222222222222222
0 0.5703125 0.2777777777777778 0.04375 0.10555555555555556
0 0.965625 0.24722222222222223 0.03125 0.16111111111111112
