1 0.03515625 0.5180555555555556 0.0671875 0.16944444444444445
1 0.603125 0.4388888888888889 0.046875 0.13333333333333333
1 0.76015625 0.4222222222222222 0.0453125 0.1388888888888889
1 0.32578125 0.6555555555555556 0.0765625 0.17777777777777778
1 0.20390625 0.4125 0.0578125 0.10833333333333334
1 0.75546875 0.09444444444444444 0.0359375 0.08888888888888889
2 0.01328125 0.7513888888888889 0.0265625 0.2361111111111111
2 0.5453125 0.14027777777777778 0.121875 0.1527777777777778
0 0.0265625 0.4097222222222222 0.05 0.1361111111111111
0 0.328125 0.5958333333333333 0.078125 0.21388888888888888
0 0.32265625 0.5263888888888889 0.0703125 0.1361111111111111
0 0.025 0.23194444444444445 0.03125 0.15833333333333333
0 0.609375 0.375 0.05 0.18888888888888888
0 0.76015625 0.35 0.0515625 0.16111111111111112
0 0.20078125 0.3486111111111111 0.0421875 0.1527777777777778
0 0.484375 0.4013888888888889 0.040625 0.21388888888888888
