1 0.9515625 0.3375 0.06875 0.075
1 0.85625 0.3486111111111111 0.04375 0.09166666666666666
1 0.6484375 0.1763888888888889 0.01875 0.041666666666666664
1 0.83046875 0.41388888888888886 0.0328125 0.1111111111111111
1 0.66171875 0.24027777777777778 0.0203125 0.05277777777777778
2 0.43203125 0.2986111111111111 0.0609375 0.08055555555555556
2 0.46796875 0.2777777777777778 0.0453125 0.08333333333333333
2 0.890625 0.6902777777777778 0.184375 0.33055555555555555
0 0.84296875 0.3055555555555556 0.0234375 0.06666666666666667
0 0.728125 0.24166666666666667 0.021875 0.06111111111111111
0 0.5421875 0.20833333333333334 0.015625 0.05555555555555555
0 0.8296875 0.38472222222222224 0.03125 0.14166666666666666
0 0.25859375 0.7625 0.0390625 0.1638888888888889
0 0.45390625 0.7152777777777778 0.0453125 0.13055555555555556
