1 0.7625 0.23472222222222222 0.01875 0.05277777777777778
1 0.70234375 0.18194444444444444 0.0265625 0.058333333333333334
1 0.4390625 0.6486111111111111 0.040625 0.11944444444444445
1 0.36171875 0.6111111111111112 0.0421875 0.09444444444444444
2 0.43125 0.31805555555555554 0.046875 0.08055555555555556
2 0.721875 0.1388888888888889 0.0375 0.05
2 0.4078125 0.3888888888888889 0.04375 0.1
2 0.67578125 0.1 0.0390625 0.05
2 0.48671875 0.35555555555555557 0.0515625 0.1111111111111111
2 0.5359375 0.3 0.046875 0.08888888888888889
0 0.296875 0.6458333333333334 0.028125 0.058333333333333334
0 0.2796875 0.95 0.0375 0.09444444444444444
0 0.36015625 0.5944444444444444 0.0421875 0.10555555555555556
0 0.4375 0.6208333333333333 0.04375 0.13055555555555556
