1 0.5453125 0.1638888888888889 0.0125 0.03333333333333333
1 0.5078125 0.2833333333333333 0.01875 0.06111111111111111
1 0.65078125 0.1763888888888889 0.0265625 0.06388888888888888
1 0.95078125 0.3375 0.0734375 0.075
1 0.7 0.19722222222222222 0.01875 0.05
1 0.77578125 0.275 0.0203125 0.06666666666666667
1 0.696875 0.18055555555555555 0.021875 0.06666666666666667
1 0.82265625 0.2763888888888889 0.0234375 0.058333333333333334
2 0.67578125 0.09722222222222222 0.0359375 0.044444444444444446
2 0.3984375 0.4083333333333333 0.065625 0.09444444444444444
2 0.43828125 0.2986111111111111 0.0453125 0.06944444444444445
2 0.721875 0.14166666666666666 0.034375 0.05555555555555555
2 0.51953125 0.5069444444444444 0.0828125 0.1638888888888889
0 0.471875 0.24027777777777778 0.01875 0.05277777777777778
0 0.696875 0.18055555555555555 0.021875 0.06666666666666667
0 0.396875 0.5083333333333333 0.021875 0.09444444444444444
0 0.37421875 0.5402777777777777 0.0328125 0.125
