1 0.540625 0.2791666666666667 0.01875 0.06388888888888888
1 0.25859375 0.8013888888888889 0.0765625 0.20833333333333334
1 0.54453125 0.4736111111111111 0.0390625 0.09722222222222222
1 0.8265625 0.4513888888888889 0.078125 0.19166666666666668
1 0.4734375 0.3402777777777778 0.01875 0.05277777777777778
1 0.4578125 0.7541666666666667 0.046875 0.10833333333333334
1 0.70625 0.2763888888888889 0.025 0.06388888888888888
2 0.434375 0.30277777777777776 0.059375 0.07222222222222222
2 0.6765625 0.10555555555555556 0.034375 0.05
2 0.7140625 0.1638888888888889 0.046875 0.07222222222222222
0 0.47109375 0.31805555555555554 0.0171875 0.058333333333333334
0 0.8703125 0.40694444444444444 0.0375 0.14722222222222223
0 0.5140625 0.45 0.028125 0.10555555555555556
0 0.54453125 0.4527777777777778 0.0359375 0.10555555555555556
0 0.453125 0.7180555555555556 0.04375 0.13055555555555556
