1 0.521875 0.48194444444444445 0.034375 0.10277777777777777
1 0.6828125 0.17083333333333334 0.015625 0.04722222222222222
1 0.525 0.5138888888888888 0.028125 0.06666666666666667
1 0.4578125 0.5222222222222223 0.028125 0.06666666666666667
2 0.64140625 0.24027777777777778 0.0421875 0.075
2 0.68203125 0.09583333333333334 0.0296875 0.05277777777777778
2 0.3984375 0.3902777777777778 0.059375 0.08055555555555556
2 0.72265625 0.14166666666666666 0.0421875 0.05
2 0.50703125 0.9541666666666667 0.1453125 0.09166666666666666
2 0.4296875 0.32083333333333336 0.046875 0.075
2 0.5296875 0.34444444444444444 0.065625 0.11666666666666667
0 0.51484375 0.21388888888888888 0.0140625 0.03888888888888889
0 0.6828125 0.17083333333333334 0.015625 0.04722222222222222
0 0.521875 0.48194444444444445 0.034375 0.10277777777777777
0 0.33359375 0.5208333333333334 0.0296875 0.13055555555555556
0 0.45703125 0.4847222222222222 0.0328125 0.10277777777777777
