1 0.95234375 0.3388888888888889 0.0765625 0.07777777777777778
1 0.52890625 0.3111111111111111 0.0234375 0.06666666666666667
1 0.54765625 0.26944444444444443 0.0140625 0.044444444444444446
1 0.45 0.6861111111111111 0.0375 0.12777777777777777
1 0.72734375 0.275 0.0296875 0.06666666666666667
2 0.46640625 0.26944444444444443 0.0265625 0.044444444444444446
2 0.3984375 0.3902777777777778 0.059375 0.08611111111111111
2 0.71640625 0.14027777777777778 0.0296875 0.05277777777777778
2 0.49296875 0.39305555555555555 0.0515625 0.13055555555555556
2 0.67578125 0.1 0.0328125 0.044444444444444446
2 0.4390625 0.3 0.046875 0.06111111111111111
0 0.49296875 0.24722222222222223 0.0234375 0.044444444444444446
0 0.72578125 0.24305555555555555 0.0203125 0.058333333333333334
0 0.52890625 0.3111111111111111 0.0234375 0.06666666666666667
0 0.4484375 0.6541666666666667 0.040625 0.13055555555555556
