1 0.67734375 0.12777777777777777 0.0234375 0.044444444444444446
1 0.8640625 0.44027777777777777 0.078125 0.20277777777777778
1 0.9515625 0.3375 0.071875 0.075
1 0.55546875 0.5444444444444444 0.0359375 0.1
2 0.98984375 0.6166666666666667 0.0203125 0.20555555555555555
2 0.4953125 0.2791666666666667 0.046875 0.075
2 0.740625 0.1486111111111111 0.04375 0.05277777777777778
2 0.678125 0.11388888888888889 0.025 0.044444444444444446
2 0.72421875 0.14305555555555555 0.0296875 0.04722222222222222
2 0.64296875 0.19583333333333333 0.0328125 0.06388888888888888
2 0.39609375 0.3888888888888889 0.0609375 0.09444444444444444
2 0.48359375 0.3527777777777778 0.0484375 0.09444444444444444
2 0.43828125 0.3 0.0453125 0.06666666666666667
0 0.553125 0.5222222222222223 0.0375 0.1
0 0.5421875 0.4486111111111111 0.034375 0.10277777777777777
0 0.87421875 0.2833333333333333 0.0265625 0.08333333333333333
0 0.7375 0.275 0.01875 0.07222222222222222
