1 0.39140625 0.3388888888888889 0.0390625 0.09444444444444444
1 0.378125 0.575 0.0625 0.14444444444444443
1 0.29453125 0.19722222222222222 0.0453125 0.08333333333333333
1 0.53046875 0.1375 0.0390625 0.10277777777777777
1 0.78046875 0.28194444444444444 0.0390625 0.14166666666666666
1 0.703125 0.6819444444444445 0.05625 0.21388888888888888
0 0.37421875 0.4861111111111111 0.0671875 0.20555555555555555
0 0.1421875 0.48055555555555557 0.040625 0.18333333333333332
0 0.53125 0.11527777777777778 0.0375 0.10833333333333334
0 0.2359375 0.24166666666666667 0.05 0.14444444444444443
0 0.2953125 0.1388888888888889 0.0375 0.11666666666666667
0 0.38984375 0.2763888888888889 0.0453125 0.14722222222222223
0 0.7796875 0.24583333333333332 0.040625 0.14166666666666666
0 0.70078125 0.5972222222222222 0.0609375 0.24444444444444444
0 0.84296875 0.4361111111111111 0.0640625 0.24444444444444444
