1 0.32265625 0.24027777777777778 0.0984375 0.19722222222222222
1 0.559375 0.8041666666666667 0.0625 0.21944444444444444
1 0.70703125 0.4486111111111111 0.0484375 0.1527777777777778
1 0.6875 0.14583333333333334 0.04375 0.15833333333333333
1 0.63671875 0.6083333333333333 0.0640625 0.20555555555555555
1 0.58203125 0.5416666666666666 0.0484375 0.12222222222222222
1 0.08203125 0.4111111111111111 0.0453125 0.1
1 0.14140625 0.5513888888888889 0.0640625 0.11944444444444445
1 0.70859375 0.7361111111111112 0.0671875 0.2111111111111111
1 0.09140625 0.8555555555555555 0.0859375 0.21666666666666667
2 0.5921875 0.2833333333333333 0.1625 0.23333333333333334
0 0.6359375 0.49027777777777776 0.05 0.125
0 0.090625 0.7430555555555556 0.078125 0.23055555555555557
0 0.584375 0.41944444444444445 0.046875 0.11666666666666667
0 0.56171875 0.7305555555555555 0.0671875 0.25
0 0.70625 0.30416666666666664 0.05 0.1361111111111111
0 0.1421875 0.48194444444444445 0.065625 0.18055555555555555
0 0.08515625 0.3472222222222222 0.0453125 0.11666666666666667
0 0.709375 0.6694444444444444 0.06875 0.26666666666666666
