1 0.7234375 0.1736111111111111 0.021875 0.058333333333333334
1 0.43046875 0.5541666666666667 0.0296875 0.058333333333333334
1 0.54609375 0.3138888888888889 0.0203125 0.05555555555555555
2 0.6796875 0.10972222222222222 0.025 0.041666666666666664
0 0.4546875 0.31666666666666665 0.021875 0.06111111111111111
0 0.54609375 0.3138888888888889 0.0203125 0.05555555555555555
0 0.4921875 0.45 0.01875 0.044444444444444446
0 0.37421875 0.4875 0.0203125 0.05277777777777778
0 0.5078125 0.23055555555555557 0.0125 0.05
0 0.4953125 0.48333333333333334 0.03125 0.1
0 0.41875 0.5152777777777777 0.034375 0.09722222222222222
0 0.69453125 0.42777777777777776 0.0328125 0.12777777777777777
