1 0.74375 0.2388888888888889 0.025 0.07222222222222222
1 0.4859375 0.4111111111111111 0.021875 0.05555555555555555
1 0.89921875 0.7611111111111111 0.0484375 0.15
1 0.521875 0.41388888888888886 0.021875 0.06111111111111111
1 0.7984375 0.5430555555555555 0.040625 0.10277777777777777
2 0.540625 0.18055555555555555 0.03125 0.03888888888888889
2 0.53125 0.3 0.05 0.05555555555555555
2 0.72265625 0.14027777777777778 0.0390625 0.05277777777777778
2 0.528125 0.2791666666666667 0.05 0.04722222222222222
2 0.42890625 0.32222222222222224 0.0453125 0.07777777777777778
2 0.471875 0.25 0.03125 0.05
0 0.52109375 0.3819444444444444 0.0265625 0.06388888888888888
0 0.47734375 0.38055555555555554 0.0265625 0.07777777777777778
0 0.89296875 0.6888888888888889 0.0484375 0.16111111111111112
0 0.33359375 0.5208333333333334 0.0296875 0.1361111111111111
0 0.3859375 0.8569444444444444 0.05625 0.15833333333333333
0 0.79296875 0.48055555555555557 0.0390625 0.11666666666666667
