1 0.64453125 0.6 0.1453125 0.40555555555555556
1 0.90859375 0.07361111111111111 0.0234375 0.05277777777777778
1 0.6859375 0.19722222222222222 0.0375 0.1
1 0.86640625 0.10972222222222222 0.0421875 0.10277777777777777
1 0.3609375 0.28055555555555556 0.046875 0.11666666666666667
1 0.4078125 0.5583333333333333 0.065625 0.16111111111111112
1 0.72109375 0.31805555555555554 0.0421875 0.11388888888888889
1 0.1515625 0.3458333333333333 0.04375 0.09722222222222222
1 0.0609375 0.7569444444444444 0.11875 0.20277777777777778
2 0.796875 0.14583333333333334 0.071875 0.16944444444444445
2 0.8765625 0.36944444444444446 0.146875 0.2388888888888889
0 0.359375 0.24166666666666667 0.04375 0.11666666666666667
0 0.4078125 0.4847222222222222 0.075 0.20277777777777778
0 0.06015625 0.6694444444444444 0.0859375 0.2111111111111111
0 0.1484375 0.2777777777777778 0.046875 0.10555555555555556
0 0.71953125 0.24305555555555555 0.0421875 0.10833333333333334
