1 0.75703125 0.11388888888888889 0.0328125 0.1111111111111111
1 0.20546875 0.9305555555555556 0.0859375 0.1388888888888889
1 0.23203125 0.2708333333333333 0.0359375 0.09166666666666666
1 0.0203125 0.4375 0.040625 0.11388888888888889
1 0.75859375 0.6847222222222222 0.0453125 0.14166666666666666
0 0.015625 0.38055555555555554 0.03125 0.16111111111111112
0 0.39609375 0.2111111111111111 0.0421875 0.11666666666666667
0 0.60078125 0.7569444444444444 0.0640625 0.11388888888888889
0 0.7578125 0.6055555555555555 0.059375 0.20555555555555555
0 0.2328125 0.21944444444444444 0.0375 0.15555555555555556
0 0.203125 0.8694444444444445 0.0875 0.2
0 0.89921875 0.6152777777777778 0.0515625 0.24166666666666667
