1 0.528125 0.2722222222222222 0.015625 0.044444444444444446
1 0.9484375 0.31805555555555554 0.071875 0.08611111111111111
1 0.81953125 0.2152777777777778 0.0796875 0.09166666666666666
1 0.68203125 0.1763888888888889 0.0171875 0.05277777777777778
1 0.9109375 0.4388888888888889 0.06875 0.1111111111111111
1 0.6546875 0.2388888888888889 0.021875 0.06666666666666667
1 0.83359375 0.4111111111111111 0.0359375 0.1111111111111111
1 0.93515625 0.7986111111111112 0.0703125 0.19166666666666668
1 0.76171875 0.34444444444444444 0.0328125 0.09444444444444444
2 0.4296875 0.3 0.059375 0.07222222222222222
0 0.334375 0.5236111111111111 0.028125 0.14166666666666666
0 0.83046875 0.3541666666666667 0.0265625 0.06388888888888888
0 0.896875 0.37222222222222223 0.028125 0.06111111111111111
0 0.2578125 0.7527777777777778 0.040625 0.17222222222222222
0 0.75859375 0.3111111111111111 0.0265625 0.06666666666666667
0 0.93125 0.7305555555555555 0.075 0.2222222222222222
0 0.44921875 0.6819444444444445 0.0453125 0.14722222222222223
0 0.8328125 0.3861111111111111 0.034375 0.12777777777777777
