1 0.759375 0.2375 0.084375 0.21944444444444444
1 0.146875 0.5513888888888889 0.146875 0.30277777777777776
1 0.703125 0.17083333333333334 0.078125 0.20833333333333334
1 0.81484375 0.2111111111111111 0.0359375 0.13333333333333333
1 0.2796875 0.2111111111111111 0.040625 0.09444444444444444
1 0.61015625 0.3125 0.0421875 0.125
1 0.9296875 0.2111111111111111 0.0375 0.1111111111111111
1 0.8671875 0.24722222222222223 0.046875 0.12777777777777777
1 0.528125 0.6472222222222223 0.05 0.17222222222222222
1 0.5609375 0.40555555555555556 0.05 0.1111111111111111
2 0.84296875 0.5222222222222223 0.1546875 0.2722222222222222
0 0.275 0.14305555555555555 0.028125 0.05277777777777778
0 0.6125 0.1763888888888889 0.040625 0.09722222222222222
0 0.2796875 0.175 0.0375 0.1
0 0.609375 0.2763888888888889 0.04375 0.1361111111111111
0 0.56171875 0.3138888888888889 0.0484375 0.1111111111111111
0 0.86796875 0.20555555555555555 0.0421875 0.13333333333333333
0 0.53203125 0.24166666666666667 0.0359375 0.14444444444444443
0 0.559375 0.3875 0.05 0.13055555555555556
0 0.52265625 0.5083333333333333 0.0640625 0.15
0 0.03125 0.8847222222222222 0.05625 0.20277777777777778
