1 0.68359375 0.18055555555555555 0.1109375 0.2222222222222222
1 0.35546875 0.20416666666666666 0.0359375 0.09722222222222222
1 0.8296875 0.2763888888888889 0.0375 0.125
1 0.3125 0.8236111111111111 0.08125 0.21388888888888888
1 0.68203125 0.4888888888888889 0.0484375 0.17222222222222222
2 0.0828125 0.44027777777777777 0.103125 0.06944444444444445
2 0.10859375 0.575 0.2078125 0.2722222222222222
0 0.68359375 0.38333333333333336 0.0484375 0.1111111111111111
0 0.6828125 0.41944444444444445 0.065625 0.19444444444444445
0 0.3546875 0.1736111111111111 0.0375 0.11944444444444445
0 0.83046875 0.2388888888888889 0.0390625 0.15555555555555556
0 0.9546875 0.18472222222222223 0.028125 0.15833333333333333
0 0.3140625 0.7333333333333333 0.084375 0.26666666666666666
0 0.896875 0.1 0.028125 0.12222222222222222
0 0.9265625 0.18611111111111112 0.03125 0.16111111111111112
