1 0.88125 0.4527777777777778 0.10625 0.2388888888888889
3 0.88671875 0.45416666666666666 0.1046875 0.24166666666666667
1 0.5453125 0.2388888888888889 0.025 0.03888888888888889
1 0.63046875 0.14722222222222223 0.0203125 0.05
1 0.759375 0.24305555555555555 0.01875 0.058333333333333334
1 0.5140625 0.2763888888888889 0.01875 0.041666666666666664
1 0.70703125 0.20416666666666666 0.0234375 0.04722222222222222
2 0.72109375 0.1388888888888889 0.0359375 0.05
2 0.40703125 0.4041666666666667 0.0453125 0.10277777777777777
2 0.43515625 0.3055555555555556 0.0453125 0.07222222222222222
0 0.3234375 0.6513888888888889 0.0375 0.10277777777777777
0 0.3328125 0.5180555555555556 0.03125 0.1361111111111111
