1 0.72421875 0.1736111111111111 0.0296875 0.05277777777777778
1 0.66796875 0.1763888888888889 0.0171875 0.05277777777777778
1 0.509375 0.5138888888888888 0.021875 0.06111111111111111
1 0.46484375 0.40555555555555556 0.0453125 0.1111111111111111
2 0.71875 0.1361111111111111 0.034375 0.044444444444444446
2 0.51171875 0.23472222222222222 0.0359375 0.06388888888888888
2 0.62578125 0.17222222222222222 0.0359375 0.06111111111111111
2 0.5359375 0.3125 0.05 0.09166666666666666
0 0.54765625 0.17777777777777778 0.0140625 0.03888888888888889
0 0.334375 0.5180555555555556 0.028125 0.13055555555555556
0 0.484375 0.2847222222222222 0.015625 0.06388888888888888
0 0.47578125 0.2861111111111111 0.0203125 0.06111111111111111
0 0.28515625 0.8152777777777778 0.0421875 0.1527777777777778
0 0.66796875 0.1763888888888889 0.0171875 0.05277777777777778
0 0.50546875 0.48055555555555557 0.0296875 0.10555555555555556
0 0.25625 0.8125 0.04375 0.16944444444444445
