1 0.88984375 0.7486111111111111 0.0484375 0.14166666666666666
1 0.53203125 0.27361111111111114 0.0171875 0.04722222222222222
1 0.9515625 0.33611111111111114 0.075 0.07777777777777778
1 0.74609375 0.2763888888888889 0.0421875 0.10277777777777777
2 0.46796875 0.25 0.0296875 0.044444444444444446
2 0.7421875 0.1486111111111111 0.040625 0.05277777777777778
2 0.46796875 0.48194444444444445 0.0609375 0.14166666666666666
2 0.67578125 0.11388888888888889 0.0296875 0.044444444444444446
2 0.72265625 0.14166666666666666 0.0296875 0.05
2 0.3953125 0.3902777777777778 0.059375 0.09722222222222222
2 0.4390625 0.2986111111111111 0.046875 0.06388888888888888
0 0.4515625 0.37222222222222223 0.015625 0.05555555555555555
0 0.88125 0.6902777777777778 0.059375 0.19722222222222222
