3 0.8546875 0.6277777777777778 0.290625 0.7166666666666667
1 0.2609375 0.8638888888888889 0.1 0.11666666666666667
1 0.434375 0.8972222222222223 0.040625 0.11666666666666667
1 0.49765625 0.3111111111111111 0.0234375 0.06111111111111111
1 0.40078125 0.4791666666666667 0.0421875 0.08611111111111111
2 0.68203125 0.09583333333333334 0.0265625 0.04722222222222222
2 0.4296875 0.32083333333333336 0.04375 0.08055555555555556
2 0.67890625 0.26944444444444443 0.0484375 0.1
2 0.83359375 0.27361111111111114 0.0546875 0.058333333333333334
2 0.71953125 0.14027777777777778 0.0359375 0.05277777777777778
0 0.5140625 0.2125 0.0125 0.041666666666666664
0 0.52265625 0.2111111111111111 0.0140625 0.044444444444444446
0 0.53125 0.14305555555555555 0.0125 0.03611111111111111
0 0.4921875 0.24444444444444444 0.015625 0.05
0 0.534375 0.6166666666666667 0.04375 0.12777777777777777
0 0.36171875 0.6291666666666667 0.0328125 0.13055555555555556
0 0.428125 0.8263888888888888 0.05625 0.1527777777777778
