1 0.45234375 0.40694444444444444 0.0203125 0.04722222222222222
1 0.97734375 0.5805555555555556 0.0359375 0.16666666666666666
1 0.27890625 0.8236111111111111 0.0984375 0.11388888888888889
1 0.5328125 0.17777777777777778 0.01875 0.044444444444444446
1 0.55859375 0.55 0.0421875 0.12222222222222222
1 0.5421875 0.2388888888888889 0.01875 0.03888888888888889
2 0.396875 0.40555555555555556 0.0625 0.09444444444444444
2 0.71953125 0.1375 0.0328125 0.05277777777777778
0 0.5015625 0.25 0.015625 0.06111111111111111
0 0.48359375 0.44305555555555554 0.0328125 0.09722222222222222
0 0.4546875 0.30972222222222223 0.025 0.06388888888888888
0 0.378125 0.7555555555555555 0.04375 0.10555555555555556
0 0.63671875 0.3138888888888889 0.0203125 0.08333333333333333
0 0.5546875 0.5291666666666667 0.04375 0.10833333333333334
