1 0.7515625 0.20416666666666666 0.09375 0.2638888888888889
1 0.90625 0.24722222222222223 0.034375 0.1111111111111111
1 0.75703125 0.5791666666666667 0.0671875 0.19166666666666668
2 0.7625 0.08055555555555556 0.06875 0.06666666666666667
2 0.66875 0.19166666666666668 0.09375 0.17777777777777778
1 0.26640625 0.24722222222222223 0.0390625 0.09444444444444444
0 0.02265625 0.24583333333333332 0.0359375 0.15833333333333333
0 0.7578125 0.5416666666666666 0.065625 0.21666666666666667
0 0.90625 0.20416666666666666 0.03125 0.14166666666666666
0 0.7609375 0.48333333333333334 0.053125 0.14444444444444443
0 0.26484375 0.20694444444444443 0.0359375 0.1361111111111111
