1 0.86015625 0.36944444444444446 0.0453125 0.08888888888888889
1 0.95078125 0.3388888888888889 0.0734375 0.07777777777777778
1 0.478125 0.5430555555555555 0.034375 0.10277777777777777
1 0.753125 0.2722222222222222 0.028125 0.06111111111111111
1 0.9078125 0.5236111111111111 0.040625 0.11388888888888889
1 0.66484375 0.2 0.0203125 0.044444444444444446
1 0.678125 0.2763888888888889 0.025 0.06388888888888888
2 0.47578125 0.2638888888888889 0.0578125 0.07222222222222222
2 0.43203125 0.3 0.0578125 0.07777777777777778
0 0.6765625 0.2513888888888889 0.025 0.04722222222222222
0 0.746875 0.24861111111111112 0.028125 0.058333333333333334
0 0.5234375 0.24722222222222223 0.021875 0.06666666666666667
0 0.8546875 0.3125 0.025 0.058333333333333334
0 0.5453125 0.175 0.015625 0.044444444444444446
0 0.2578125 0.7625 0.04375 0.16944444444444445
0 0.33359375 0.525 0.0265625 0.14444444444444443
0 0.4765625 0.5194444444444445 0.034375 0.1
0 0.9 0.4513888888888889 0.03125 0.125
