1 0.47578125 0.5125 0.2109375 0.3472222222222222
1 0.58671875 0.7583333333333333 0.1484375 0.4111111111111111
1 0.3609375 0.16527777777777777 0.0375 0.09722222222222222
1 0.1625 0.3458333333333333 0.046875 0.10277777777777777
1 0.8953125 0.175 0.040625 0.1
1 0.275 0.41805555555555557 0.05 0.10833333333333334
2 0.784375 0.08055555555555556 0.08125 0.08333333333333333
2 0.4796875 0.4638888888888889 0.175 0.23333333333333334
2 0.6515625 0.24305555555555555 0.125 0.21944444444444444
0 0.48828125 0.2916666666666667 0.0421875 0.08888888888888889
0 0.02109375 0.24444444444444444 0.0328125 0.15
0 0.359375 0.14166666666666666 0.034375 0.11666666666666667
0 0.89453125 0.1388888888888889 0.0390625 0.12777777777777777
0 0.16171875 0.3013888888888889 0.0484375 0.14166666666666666
0 0.77109375 0.6611111111111111 0.0640625 0.21666666666666667
0 0.27734375 0.35 0.0546875 0.15555555555555556
