1 0.53203125 0.2 0.0234375 0.044444444444444446
1 0.83515625 0.2152777777777778 0.0609375 0.09166666666666666
1 0.4859375 0.5208333333333334 0.028125 0.06388888888888888
1 0.64921875 0.1736111111111111 0.0203125 0.041666666666666664
1 0.54765625 0.20277777777777778 0.0171875 0.044444444444444446
1 0.5015625 0.3472222222222222 0.021875 0.06666666666666667
2 0.396875 0.40694444444444444 0.0625 0.09166666666666666
2 0.72109375 0.1388888888888889 0.0328125 0.05
2 0.428125 0.3236111111111111 0.046875 0.075
0 0.32265625 0.8888888888888888 0.0484375 0.16666666666666666
0 0.7796875 0.23194444444444445 0.021875 0.08055555555555556
0 0.5015625 0.3472222222222222 0.021875 0.06666666666666667
0 0.49375 0.8875 0.071875 0.18055555555555555
0 0.43828125 0.4722222222222222 0.0265625 0.11666666666666667
0 0.4828125 0.4875 0.034375 0.10277777777777777
