1 0.51015625 0.24583333333333332 0.0234375 0.05277777777777778
1 0.9515625 0.3388888888888889 0.06875 0.07222222222222222
1 0.7765625 0.3486111111111111 0.021875 0.06388888888888888
1 0.8421875 0.3347222222222222 0.04375 0.09166666666666666
1 0.7203125 0.2361111111111111 0.021875 0.05555555555555555
2 0.678125 0.2763888888888889 0.04375 0.05277777777777778
2 0.43515625 0.3 0.0734375 0.08888888888888889
2 0.76640625 0.475 0.1203125 0.2
0 0.546875 0.21666666666666667 0.01875 0.05
0 0.259375 0.7625 0.04375 0.1638888888888889
0 0.840625 0.3194444444444444 0.040625 0.10555555555555556
0 0.771875 0.3194444444444444 0.025 0.1111111111111111
