1 0.56953125 0.7986111111111112 0.1515625 0.3861111111111111
1 0.88671875 0.11388888888888889 0.0703125 0.15
1 0.078125 0.5069444444444444 0.15625 0.2861111111111111
1 0.33046875 0.41388888888888886 0.0578125 0.09444444444444444
1 0.2953125 0.8833333333333333 0.08125 0.20555555555555555
1 0.23828125 0.4152777777777778 0.0453125 0.10833333333333334
1 0.6859375 0.24027777777777778 0.0375 0.10277777777777777
1 0.7578125 0.5125 0.028125 0.13055555555555556
0 0.24609375 0.24305555555555555 0.0296875 0.14166666666666666
0 0.3375 0.25 0.040625 0.1
0 0.33046875 0.35 0.0484375 0.12777777777777777
0 0.684375 0.18194444444444444 0.040625 0.11944444444444445
0 0.75859375 0.44027777777777777 0.0359375 0.19722222222222222
0 0.2375 0.3736111111111111 0.05 0.14722222222222223
0 0.2984375 0.8208333333333333 0.08125 0.21944444444444444
0 0.8484375 0.45 0.046875 0.23333333333333334
