1 0.315625 0.2875 0.203125 0.2361111111111111
1 0.85078125 0.19583333333333333 0.0828125 0.18611111111111112
1 0.0796875 0.5458333333333333 0.159375 0.2861111111111111
1 0.4828125 0.23194444444444445 0.04375 0.10833333333333334
1 0.54296875 0.5125 0.0515625 0.1527777777777778
1 0.67578125 0.7138888888888889 0.0328125 0.18888888888888888
0 0.471875 0.11388888888888889 0.0375 0.08888888888888889
0 0.47734375 0.20416666666666666 0.0421875 0.13055555555555556
0 0.54609375 0.45 0.0640625 0.2111111111111111
0 0.378125 0.18472222222222223 0.04375 0.11944444444444445
0 0.675 0.6222222222222222 0.059375 0.21666666666666667
0 0.87109375 0.3888888888888889 0.0484375 0.20555555555555555
