1 0.30078125 0.20416666666666666 0.0421875 0.10277777777777777
1 0.753125 0.4888888888888889 0.046875 0.16666666666666666
1 0.85390625 0.2375 0.0421875 0.11388888888888889
2 0.7921875 0.09722222222222222 0.08125 0.13333333333333333
2 0.4546875 0.5125 0.175 0.35833333333333334
2 0.70703125 0.1875 0.1171875 0.21944444444444444
0 0.853125 0.2111111111111111 0.04375 0.1388888888888889
0 0.9140625 0.07361111111111111 0.021875 0.05277777777777778
0 0.02109375 0.24583333333333332 0.0328125 0.1527777777777778
0 0.75234375 0.4125 0.0671875 0.19166666666666668
0 0.87265625 0.07916666666666666 0.0203125 0.06388888888888888
0 0.30078125 0.17777777777777778 0.0390625 0.11666666666666667
