1 0.7390625 0.41805555555555557 0.096875 0.275
1 0.63828125 0.39861111111111114 0.1015625 0.28055555555555556
1 0.84765625 0.49166666666666664 0.0328125 0.13333333333333333
1 0.1625 0.3402777777777778 0.040625 0.09166666666666666
2 0.7078125 0.16805555555555557 0.10625 0.19166666666666668
2 0.575 0.30972222222222223 0.1125 0.21944444444444444
0 0.6 0.175 0.03125 0.06666666666666667
0 0.02265625 0.24444444444444444 0.0328125 0.15
0 0.8484375 0.44027777777777777 0.05 0.2361111111111111
0 0.16171875 0.2833333333333333 0.0421875 0.12777777777777777
