1 0.4578125 0.5527777777777778 0.075 0.18333333333333332
1 0.484375 0.37083333333333335 0.05 0.125
1 0.95234375 0.3375 0.0734375 0.075
1 0.5359375 0.30972222222222223 0.021875 0.058333333333333334
1 0.72109375 0.2388888888888889 0.0390625 0.09444444444444444
1 0.765625 0.48333333333333334 0.040625 0.09444444444444444
2 0.7234375 0.14166666666666666 0.028125 0.05
2 0.3953125 0.40694444444444444 0.0625 0.08611111111111111
2 0.74296875 0.14722222222222223 0.0453125 0.05555555555555555
2 0.67578125 0.11388888888888889 0.0328125 0.05
2 0.4390625 0.3 0.046875 0.06111111111111111
0 0.76328125 0.44583333333333336 0.0359375 0.10277777777777777
0 0.3671875 0.5111111111111111 0.015625 0.07777777777777778
0 0.39921875 0.4888888888888889 0.0171875 0.07222222222222222
0 0.81328125 0.30972222222222223 0.0296875 0.09722222222222222
0 0.44921875 0.3819444444444444 0.0140625 0.06388888888888888
0 0.759375 0.41388888888888886 0.028125 0.05555555555555555
