1 0.6984375 0.175 0.084375 0.20555555555555555
1 0.61875 0.6041666666666666 0.165625 0.3638888888888889
1 0.25234375 0.26805555555555555 0.0390625 0.09166666666666666
1 0.2078125 0.36944444444444446 0.040625 0.08333333333333333
1 0.428125 0.5083333333333333 0.046875 0.13333333333333333
1 0.809375 0.2763888888888889 0.0375 0.11944444444444445
1 0.590625 0.3138888888888889 0.04375 0.14444444444444443
1 0.33671875 0.37916666666666665 0.0453125 0.10833333333333334
2 0.484375 0.14444444444444443 0.05 0.12222222222222222
2 0.5625 0.10138888888888889 0.071875 0.09166666666666666
2 0.4046875 0.23472222222222222 0.140625 0.1527777777777778
0 0.02109375 0.24444444444444444 0.0328125 0.15
0 0.590625 0.28055555555555556 0.04375 0.1388888888888889
0 0.24453125 0.2111111111111111 0.0390625 0.1
0 0.81015625 0.20972222222222223 0.0421875 0.13055555555555556
0 0.20625 0.30833333333333335 0.04375 0.13333333333333333
0 0.43203125 0.4111111111111111 0.0453125 0.12222222222222222
0 0.33984375 0.3472222222222222 0.0453125 0.12222222222222222
0 0.9109375 0.25416666666666665 0.034375 0.16944444444444445
