1 0.31484375 0.2375 0.0453125 0.09722222222222222
1 0.8734375 0.08333333333333333 0.04375 0.07222222222222222
1 0.08046875 0.5236111111111111 0.0515625 0.14166666666666666
1 0.60546875 0.3138888888888889 0.0453125 0.13333333333333333
1 0.2453125 0.3138888888888889 0.059375 0.1
1 0.65703125 0.40555555555555556 0.0515625 0.12777777777777777
1 0.33359375 0.6486111111111111 0.0703125 0.1638888888888889
1 0.70546875 0.1763888888888889 0.0421875 0.10833333333333334
2 0.77890625 0.09444444444444444 0.0640625 0.08888888888888889
2 0.19453125 0.49166666666666664 0.1921875 0.23333333333333334
0 0.08046875 0.48194444444444445 0.0484375 0.19166666666666668
0 0.08671875 0.3736111111111111 0.0671875 0.09166666666666666
0 0.31484375 0.2111111111111111 0.0453125 0.12777777777777777
0 0.3234375 0.5222222222222223 0.071875 0.12777777777777777
0 0.6578125 0.3111111111111111 0.046875 0.1111111111111111
0 0.2453125 0.2722222222222222 0.046875 0.13333333333333333
0 0.60546875 0.2777777777777778 0.0421875 0.15555555555555556
0 0.7046875 0.14305555555555555 0.040625 0.14166666666666666
0 0.8015625 0.5125 0.053125 0.2361111111111111
