1 0.77109375 0.08055555555555556 0.0265625 0.06666666666666667
1 0.49453125 0.16944444444444445 0.0390625 0.1
1 0.06796875 0.6236111111111111 0.0640625 0.1361111111111111
1 0.50859375 0.4888888888888889 0.0421875 0.14444444444444443
2 0.9078125 0.08194444444444444 0.0625 0.08055555555555556
1 0.821875 0.37222222222222223 0.028125 0.11666666666666667
0 0.0640625 0.5527777777777778 0.06875 0.18888888888888888
0 0.17890625 0.30694444444444446 0.0328125 0.1527777777777778
0 0.02265625 0.24166666666666667 0.0359375 0.15555555555555556
0 0.51015625 0.4152777777777778 0.0453125 0.15833333333333333
0 0.821875 0.31666666666666665 0.034375 0.17777777777777778
0 0.8375 0.5291666666666667 0.04375 0.2361111111111111
