1 0.546875 0.3402777777777778 0.01875 0.05277777777777778
1 0.9671875 0.6222222222222222 0.040625 0.14444444444444443
1 0.41875 0.5763888888888888 0.034375 0.10277777777777777
1 0.41796875 0.6097222222222223 0.0265625 0.06388888888888888
1 0.51328125 0.5513888888888889 0.0296875 0.06388888888888888
1 0.8203125 0.3111111111111111 0.028125 0.07222222222222222
1 0.65625 0.2708333333333333 0.021875 0.06388888888888888
1 0.87578125 0.9333333333333333 0.0796875 0.12777777777777777
2 0.67890625 0.10416666666666667 0.0265625 0.04722222222222222
2 0.70859375 0.26805555555555555 0.0546875 0.11944444444444445
2 0.546875 0.3402777777777778 0.01875 0.05277777777777778
2 0.54453125 0.3125 0.0203125 0.058333333333333334
2 0.72109375 0.14027777777777778 0.0390625 0.05277777777777778
2 0.4671875 0.25 0.034375 0.05555555555555555
2 0.40703125 0.4013888888888889 0.0453125 0.09166666666666666
2 0.44453125 0.3125 0.0546875 0.075
2 0.51640625 0.4222222222222222 0.0671875 0.11666666666666667
0 0.84296875 0.8263888888888888 0.0390625 0.125
0 0.86953125 0.8777777777777778 0.0703125 0.19444444444444445
0 0.5109375 0.5194444444444445 0.034375 0.1
0 0.4171875 0.5597222222222222 0.0375 0.10277777777777777
