1 0.80390625 0.3736111111111111 0.0421875 0.10833333333333334
1 0.43359375 0.525 0.1359375 0.2111111111111111
1 0.50390625 0.46805555555555556 0.0734375 0.20833333333333334
1 0.88828125 0.10138888888888889 0.0234375 0.06944444444444445
1 0.34921875 0.2125 0.0421875 0.11388888888888889
1 0.52734375 0.7666666666666667 0.0796875 0.13333333333333333
1 0.7 0.45 0.046875 0.14444444444444443
1 0.6421875 0.3486111111111111 0.040625 0.1361111111111111
2 0.04765625 0.8666666666666667 0.0953125 0.25
2 0.771875 0.175 0.121875 0.19444444444444445
1 0.79609375 0.5555555555555556 0.0640625 0.1388888888888889
0 0.3609375 0.1125 0.025 0.06944444444444445
0 0.7953125 0.4888888888888889 0.046875 0.19444444444444445
0 0.559375 0.65 0.040625 0.13333333333333333
0 0.64296875 0.9625 0.0640625 0.075
0 0.69453125 0.2375 0.0421875 0.13055555555555556
0 0.803125 0.3138888888888889 0.04375 0.17222222222222222
0 0.70078125 0.3958333333333333 0.0578125 0.20277777777777778
0 0.64296875 0.3111111111111111 0.0421875 0.15555555555555556
0 0.52109375 0.6916666666666667 0.0796875 0.2
0 0.25625 0.2013888888888889 0.03125 0.14722222222222223
