1 0.759375 0.48055555555555557 0.04375 0.12222222222222222
1 0.65703125 0.34305555555555556 0.0359375 0.11388888888888889
1 0.4015625 0.17083333333333334 0.0375 0.09722222222222222
1 0.63515625 0.5902777777777778 0.0671875 0.18611111111111112
1 0.8859375 0.14305555555555555 0.034375 0.10277777777777777
2 0.55390625 0.13055555555555556 0.0765625 0.15
2 0.753125 0.21944444444444444 0.14375 0.24444444444444444
1 0.72734375 0.6555555555555556 0.0421875 0.18333333333333332
1 0.08203125 0.7236111111111111 0.0921875 0.1638888888888889
0 0.6453125 0.9611111111111111 0.06875 0.07777777777777778
0 0.6578125 0.2791666666666667 0.0375 0.125
0 0.88671875 0.10833333333333334 0.0359375 0.1
0 0.6203125 0.3527777777777778 0.04375 0.11666666666666667
0 0.40078125 0.14444444444444443 0.0328125 0.11666666666666667
0 0.515625 0.25555555555555554 0.040625 0.07222222222222222
0 0.6765625 0.17222222222222222 0.034375 0.16111111111111112
0 0.7578125 0.3861111111111111 0.05 0.10555555555555556
0 0.3 0.9305555555555556 0.046875 0.1388888888888889
0 0.7265625 0.5916666666666667 0.053125 0.2388888888888889
0 0.63828125 0.5375 0.0703125 0.20833333333333334
0 0.29296875 0.17222222222222222 0.0328125 0.12222222222222222
0 0.084375 0.625 0.06875 0.2388888888888889
0 0.25703125 0.9361111111111111 0.0734375 0.12777777777777777
