1 0.54375 0.3402777777777778 0.025 0.058333333333333334
1 0.95234375 0.3375 0.0796875 0.08611111111111111
1 0.55 0.4097222222222222 0.034375 0.09166666666666666
1 0.75546875 0.30972222222222223 0.0203125 0.075
2 0.74140625 0.1486111111111111 0.0390625 0.05277777777777778
2 0.678125 0.11388888888888889 0.025 0.044444444444444446
2 0.39765625 0.3875 0.0609375 0.11388888888888889
2 0.7234375 0.14305555555555555 0.028125 0.05277777777777778
2 0.43984375 0.2972222222222222 0.0453125 0.06666666666666667
2 0.66015625 0.21944444444444444 0.0421875 0.08888888888888889
0 0.54375 0.3402777777777778 0.025 0.058333333333333334
0 0.5421875 0.21388888888888888 0.01875 0.05
0 0.7546875 0.2875 0.015625 0.05277777777777778
0 0.540625 0.32083333333333336 0.025 0.058333333333333334
0 0.75546875 0.30972222222222223 0.0203125 0.075
0 0.35234375 0.5944444444444444 0.0359375 0.1111111111111111
0 0.88671875 0.30972222222222223 0.0265625 0.11944444444444445
