1 0.44453125 0.7694444444444445 0.2046875 0.4222222222222222
1 0.728125 0.12777777777777777 0.034375 0.09444444444444444
1 0.4828125 0.13472222222222222 0.040625 0.08611111111111111
1 0.33125 0.3347222222222222 0.04375 0.08611111111111111
1 0.25703125 0.41388888888888886 0.0609375 0.11666666666666667
2 0.34765625 0.1486111111111111 0.0859375 0.1361111111111111
1 0.88984375 0.2763888888888889 0.0328125 0.10833333333333334
0 0.259375 0.3819444444444444 0.046875 0.15833333333333333
0 0.728125 0.10833333333333334 0.034375 0.11666666666666667
0 0.3328125 0.28055555555555556 0.05 0.13333333333333333
0 0.890625 0.21805555555555556 0.034375 0.1527777777777778
0 0.790625 0.5972222222222222 0.065625 0.25
