1 0.53046875 0.5236111111111111 0.0234375 0.06388888888888888
1 0.4640625 0.4513888888888889 0.025 0.075
1 0.4875 0.40555555555555556 0.021875 0.05
1 0.484375 0.38333333333333336 0.021875 0.06666666666666667
1 0.859375 0.2388888888888889 0.059375 0.07222222222222222
2 0.40703125 0.3888888888888889 0.0453125 0.09444444444444444
2 0.71484375 0.16944444444444445 0.0421875 0.06111111111111111
2 0.37109375 0.9194444444444444 0.1296875 0.15
2 0.43828125 0.3 0.0453125 0.06666666666666667
2 0.68984375 0.30277777777777776 0.0671875 0.12777777777777777
0 0.66171875 0.2125 0.0171875 0.04722222222222222
0 0.484375 0.38333333333333336 0.021875 0.06666666666666667
0 0.26171875 0.7930555555555555 0.0671875 0.23055555555555557
0 0.3578125 0.6291666666666667 0.028125 0.1361111111111111
0 0.52578125 0.4875 0.0328125 0.10277777777777777
0 0.95078125 0.4222222222222222 0.0328125 0.12222222222222222
