1 0.4875 0.7236111111111111 0.06875 0.18611111111111112
1 0.7890625 0.1388888888888889 0.0375 0.10555555555555556
2 0.4296875 0.17222222222222222 0.140625 0.14444444444444443
1 0.6875 0.6944444444444444 0.0375 0.17222222222222222
0 0.04921875 0.25 0.0265625 0.12222222222222222
0 0.69765625 0.6027777777777777 0.0640625 0.25
0 0.4953125 0.6569444444444444 0.075 0.23055555555555557
0 0.94765625 0.20416666666666666 0.0359375 0.14722222222222223
0 0.88203125 0.18333333333333332 0.0265625 0.16666666666666666
0 0.12421875 0.8833333333333333 0.0859375 0.21666666666666667
