1 0.50234375 0.8152777777777778 0.1203125 0.30277777777777776
1 0.95234375 0.3388888888888889 0.0734375 0.07777777777777778
1 0.54140625 0.31805555555555554 0.0203125 0.06388888888888888
1 0.54375 0.3347222222222222 0.01875 0.041666666666666664
1 0.478125 0.3486111111111111 0.025 0.058333333333333334
1 0.5140625 0.44027777777777777 0.021875 0.05277777777777778
1 0.840625 0.7277777777777777 0.05 0.14444444444444443
1 0.72734375 0.275 0.0265625 0.06111111111111111
2 0.4734375 0.2638888888888889 0.034375 0.044444444444444446
2 0.4078125 0.3875 0.04375 0.08611111111111111
2 0.51484375 0.275 0.0359375 0.06111111111111111
2 0.71640625 0.14027777777777778 0.0328125 0.05277777777777778
2 0.67734375 0.1 0.0328125 0.044444444444444446
2 0.64296875 0.18055555555555555 0.0484375 0.07222222222222222
2 0.43828125 0.2986111111111111 0.0484375 0.06388888888888888
0 0.3359375 0.5166666666666667 0.034375 0.15555555555555556
0 0.7234375 0.24444444444444444 0.021875 0.06111111111111111
0 0.478125 0.3486111111111111 0.025 0.058333333333333334
0 0.8421875 0.6722222222222223 0.059375 0.20555555555555555
0 0.5125 0.4111111111111111 0.03125 0.09444444444444444
