1 0.92578125 0.14305555555555555 0.0390625 0.11388888888888889
1 0.35546875 0.175 0.0421875 0.10555555555555556
1 0.37265625 0.6472222222222223 0.1015625 0.16666666666666666
1 0.02734375 0.4736111111111111 0.0484375 0.14166666666666666
1 0.81796875 0.44722222222222224 0.0421875 0.13333333333333333
1 0.86640625 0.24444444444444444 0.0390625 0.12222222222222222
2 0.25546875 0.8166666666666667 0.2953125 0.34444444444444444
2 0.6953125 0.38055555555555554 0.134375 0.21666666666666667
1 0.759375 0.5569444444444445 0.0625 0.14722222222222223
0 0.3546875 0.14305555555555555 0.0375 0.10277777777777777
0 0.91875 0.11388888888888889 0.03125 0.14444444444444443
0 0.0234375 0.4125 0.046875 0.1638888888888889
0 0.8125 0.3458333333333333 0.05 0.125
0 0.24375 0.6527777777777778 0.078125 0.12777777777777777
0 0.5921875 0.20833333333333334 0.046875 0.12222222222222222
0 0.765625 0.2152777777777778 0.0375 0.1361111111111111
0 0.759375 0.4791666666666667 0.059375 0.24722222222222223
0 0.375 0.5430555555555555 0.053125 0.13055555555555556
0 0.86640625 0.21388888888888888 0.0390625 0.13333333333333333
