1 0.8171875 0.16527777777777777 0.03125 0.10833333333333334
1 0.4078125 0.1375 0.0375 0.11388888888888889
1 0.38671875 0.5763888888888888 0.0609375 0.1527777777777778
1 0.7078125 0.20416666666666666 0.0375 0.09722222222222222
1 0.609375 0.275 0.0375 0.10555555555555556
2 0.29765625 0.35694444444444445 0.1765625 0.21388888888888888
1 0.2546875 0.23472222222222222 0.0375 0.09166666666666666
0 0.815625 0.10138888888888889 0.025 0.058333333333333334
0 0.38046875 0.4847222222222222 0.0734375 0.20833333333333334
0 0.81640625 0.14305555555555555 0.0296875 0.11944444444444445
0 0.02890625 0.5291666666666667 0.0578125 0.21944444444444444
0 0.71328125 0.17222222222222222 0.0390625 0.12222222222222222
0 0.6078125 0.20972222222222223 0.0375 0.11944444444444445
0 0.25390625 0.18611111111111112 0.0359375 0.13333333333333333
0 0.11875 0.2777777777777778 0.034375 0.15555555555555556
