1 0.56328125 0.3736111111111111 0.0203125 0.04722222222222222
1 0.85703125 0.24305555555555555 0.0609375 0.075
1 0.5140625 0.4083333333333333 0.025 0.05555555555555555
1 0.53984375 0.48055555555555557 0.0390625 0.10555555555555556
1 0.49453125 0.2986111111111111 0.0203125 0.041666666666666664
1 0.80234375 0.23333333333333334 0.0328125 0.05
1 0.6640625 0.34444444444444444 0.025 0.06111111111111111
1 0.70546875 0.30833333333333335 0.0296875 0.06111111111111111
1 0.80390625 0.4777777777777778 0.0421875 0.10555555555555556
2 0.5421875 0.20833333333333334 0.034375 0.05555555555555555
2 0.39765625 0.4027777777777778 0.0609375 0.09444444444444444
2 0.43359375 0.30416666666666664 0.0578125 0.075
2 0.71328125 0.16527777777777777 0.0484375 0.06944444444444445
2 0.9015625 0.7194444444444444 0.19375 0.4222222222222222
0 0.5390625 0.4583333333333333 0.0375 0.09444444444444444
0 0.51328125 0.38055555555555554 0.0234375 0.05555555555555555
0 0.659375 0.3111111111111111 0.021875 0.05555555555555555
0 0.5609375 0.3472222222222222 0.01875 0.07222222222222222
0 0.74609375 0.2513888888888889 0.0234375 0.09166666666666666
0 0.70234375 0.28055555555555556 0.0265625 0.06666666666666667
0 0.8015625 0.4166666666666667 0.0375 0.09444444444444444
0 0.4890625 0.5236111111111111 0.0375 0.10277777777777777
0 0.88828125 0.3402777777777778 0.0234375 0.10833333333333334
0 0.2625 0.7930555555555555 0.071875 0.24722222222222223
