1 0.80390625 0.35 0.0359375 0.1
1 0.428125 0.7541666666666667 0.046875 0.13055555555555556
1 0.36171875 0.6097222222222223 0.0421875 0.09722222222222222
1 0.534375 0.3388888888888889 0.04375 0.07777777777777778
1 0.4953125 0.44305555555555554 0.040625 0.09722222222222222
1 0.48359375 0.6166666666666667 0.0421875 0.11666666666666667
1 0.66484375 0.275 0.0234375 0.06666666666666667
2 0.678125 0.10416666666666667 0.025 0.041666666666666664
2 0.3953125 0.3888888888888889 0.0625 0.1111111111111111
2 0.42890625 0.3194444444444444 0.0453125 0.07777777777777778
2 0.53125 0.2708333333333333 0.05 0.058333333333333334
2 0.721875 0.14027777777777778 0.0375 0.05277777777777778
2 0.5125 0.8819444444444444 0.15 0.23055555555555557
0 0.6625 0.25277777777777777 0.01875 0.05
0 0.490625 0.4166666666666667 0.040625 0.1111111111111111
0 0.371875 0.48333333333333334 0.028125 0.11666666666666667
0 0.36015625 0.5916666666666667 0.0390625 0.1
0 0.48203125 0.5875 0.0453125 0.125
0 0.4171875 0.7194444444444444 0.046875 0.12777777777777777
