1 0.5265625 0.26805555555555555 0.01875 0.04722222222222222
1 0.5015625 0.3236111111111111 0.0375 0.08055555555555556
1 0.6359375 0.24444444444444444 0.01875 0.05555555555555555
1 0.41171875 0.5847222222222223 0.0359375 0.09722222222222222
1 0.44609375 0.8875 0.0421875 0.125
1 0.340625 0.6472222222222223 0.071875 0.08333333333333333
2 0.39609375 0.40555555555555556 0.0640625 0.09444444444444444
2 0.678125 0.10416666666666667 0.028125 0.041666666666666664
2 0.709375 0.16527777777777777 0.053125 0.075
2 0.43828125 0.3 0.0453125 0.06666666666666667
0 0.24375 0.7583333333333333 0.025 0.07777777777777778
0 0.41015625 0.5527777777777778 0.0359375 0.1
0 0.434375 0.8194444444444444 0.05 0.17222222222222222
