1 0.5109375 0.44305555555555554 0.021875 0.04722222222222222
2 0.5390625 0.28055555555555556 0.040625 0.07222222222222222
2 0.68359375 0.1 0.0234375 0.044444444444444446
2 0.42734375 0.32222222222222224 0.0453125 0.07777777777777778
2 0.72109375 0.1388888888888889 0.0328125 0.05
0 0.50234375 0.26666666666666666 0.0109375 0.044444444444444446
0 0.375 0.4861111111111111 0.03125 0.12222222222222222
0 0.88984375 0.30416666666666664 0.0328125 0.09722222222222222
0 0.98515625 0.7944444444444444 0.0234375 0.25
0 0.47265625 0.275 0.0171875 0.05555555555555555
0 0.534375 0.5111111111111111 0.034375 0.11666666666666667
0 0.334375 0.5194444444444445 0.034375 0.14444444444444443
0 0.50859375 0.4097222222222222 0.0296875 0.10277777777777777
0 0.378125 0.7305555555555555 0.04375 0.12777777777777777
