1 0.3109375 0.2 0.09375 0.2
1 0.38828125 0.8569444444444444 0.1984375 0.2861111111111111
1 0.02578125 0.8763888888888889 0.0515625 0.21944444444444444
1 0.3671875 0.48194444444444445 0.075 0.1361111111111111
1 0.66875 0.5805555555555556 0.05 0.15555555555555556
1 0.26484375 0.8708333333333333 0.0765625 0.2361111111111111
1 0.66875 0.19583333333333333 0.034375 0.10277777777777777
2 0.60078125 0.10833333333333334 0.0828125 0.1111111111111111
0 0.36640625 0.45694444444444443 0.0734375 0.16944444444444445
0 0.78125 0.2013888888888889 0.040625 0.15833333333333333
0 0.3546875 0.38333333333333336 0.04375 0.1
0 0.671875 0.4875 0.065625 0.18611111111111112
0 0.66796875 0.14722222222222223 0.0296875 0.11666666666666667
0 0.26640625 0.7527777777777778 0.0703125 0.18888888888888888
0 0.94609375 0.1388888888888889 0.0359375 0.13333333333333333
0 0.1390625 0.4708333333333333 0.059375 0.21388888888888888
