1 0.6890625 0.1763888888888889 0.071875 0.19166666666666668
1 0.66484375 0.9236111111111112 0.0703125 0.1527777777777778
1 0.5703125 0.37916666666666665 0.040625 0.13055555555555556
2 0.91171875 0.07083333333333333 0.0609375 0.06944444444444445
2 0.20390625 0.8236111111111111 0.2390625 0.3194444444444444
1 0.8484375 0.3125 0.03125 0.11944444444444445
0 0.1109375 0.35138888888888886 0.034375 0.13055555555555556
0 0.35625 0.3375 0.065625 0.18055555555555555
0 0.6671875 0.8152777777777778 0.075 0.275
0 0.571875 0.31666666666666665 0.04375 0.15
0 0.8484375 0.2708333333333333 0.034375 0.15833333333333333
0 0.83203125 0.5791666666666667 0.0453125 0.24722222222222223
