1 0.44921875 0.1736111111111111 0.1046875 0.19166666666666668
1 0.525 0.11388888888888889 0.103125 0.16666666666666666
1 0.0875 0.6236111111111111 0.071875 0.13055555555555556
1 0.684375 0.1388888888888889 0.04375 0.10555555555555556
1 0.30078125 0.28055555555555556 0.0578125 0.09444444444444444
1 0.83671875 0.14583333333333334 0.0390625 0.10277777777777777
1 0.046875 0.45 0.0625 0.12222222222222222
1 0.6265625 0.24583333333333332 0.0375 0.11388888888888889
2 0.2234375 0.4152777777777778 0.203125 0.225
0 0.02109375 0.24305555555555555 0.0328125 0.14166666666666666
0 0.090625 0.5541666666666667 0.071875 0.19722222222222222
0 0.83671875 0.10555555555555556 0.0390625 0.10555555555555556
0 0.046875 0.4111111111111111 0.053125 0.16666666666666666
0 0.3 0.24166666666666667 0.046875 0.14444444444444443
0 0.62578125 0.2125 0.0390625 0.1527777777777778
0 0.90078125 0.31805555555555554 0.0390625 0.19722222222222222
