1 0.66640625 0.24027777777777778 0.0203125 0.04722222222222222
1 0.490625 0.24027777777777778 0.015625 0.04722222222222222
1 0.5328125 0.24166666666666667 0.01875 0.05555555555555555
1 0.8171875 0.2708333333333333 0.028125 0.05277777777777778
1 0.7234375 0.28194444444444444 0.034375 0.058333333333333334
1 0.678125 0.34305555555555556 0.028125 0.06388888888888888
2 0.49453125 0.48333333333333334 0.0609375 0.08333333333333333
2 0.5078125 0.5902777777777778 0.1125 0.20277777777777778
0 0.43515625 0.5138888888888888 0.0390625 0.11666666666666667
0 0.43125 0.9638888888888889 0.065625 0.07222222222222222
0 0.31875 0.5847222222222223 0.0375 0.1527777777777778
