1 0.4578125 0.7236111111111111 0.04375 0.10277777777777777
1 0.9515625 0.3375 0.065625 0.075
1 0.875 0.3111111111111111 0.0625 0.06666666666666667
1 0.52734375 0.6513888888888889 0.0421875 0.09722222222222222
1 0.73203125 0.5458333333333333 0.0421875 0.10277777777777777
1 0.8203125 0.5236111111111111 0.04375 0.11944444444444445
2 0.46953125 0.24861111111111112 0.0265625 0.05277777777777778
2 0.5078125 0.3236111111111111 0.040625 0.08611111111111111
2 0.396875 0.40694444444444444 0.065625 0.09722222222222222
2 0.50703125 0.8861111111111111 0.1390625 0.20555555555555555
2 0.5453125 0.4111111111111111 0.05625 0.15
2 0.66875 0.1638888888888889 0.025 0.05
2 0.52265625 0.20277777777777778 0.0265625 0.044444444444444446
2 0.715625 0.16944444444444445 0.04375 0.06111111111111111
2 0.4734375 0.45555555555555555 0.05 0.13333333333333333
0 0.72265625 0.48055555555555557 0.0359375 0.09444444444444444
0 0.4359375 0.3819444444444444 0.015625 0.06944444444444445
0 0.71796875 0.45694444444444443 0.0265625 0.05277777777777778
0 0.45234375 0.6597222222222222 0.0453125 0.10833333333333334
0 0.8171875 0.47638888888888886 0.040625 0.14166666666666666
0 0.39375 0.6777777777777778 0.040625 0.15555555555555556
0 0.5234375 0.5916666666666667 0.046875 0.12777777777777777
