1 0.315625 0.9138888888888889 0.075 0.17222222222222222
1 0.48671875 0.2013888888888889 0.0390625 0.09166666666666666
1 0.43515625 0.9305555555555556 0.0703125 0.1388888888888889
1 0.625 0.3861111111111111 0.04375 0.13333333333333333
1 0.78046875 0.2375 0.0421875 0.10833333333333334
1 0.55078125 0.6694444444444444 0.0703125 0.18888888888888888
0 0.3015625 0.8111111111111111 0.065625 0.2388888888888889
0 0.3296875 0.8083333333333333 0.06875 0.2388888888888889
0 0.4875 0.16944444444444445 0.040625 0.13333333333333333
0 0.78125 0.18055555555555555 0.046875 0.12222222222222222
0 0.83046875 0.3388888888888889 0.0546875 0.2
0 0.4359375 0.8597222222222223 0.08125 0.2361111111111111
0 0.5515625 0.5930555555555556 0.075 0.21944444444444444
0 0.628125 0.3111111111111111 0.04375 0.14444444444444443
0 0.88671875 0.34305555555555556 0.0328125 0.19722222222222222
