1 0.47578125 0.27361111111111114 0.0265625 0.04722222222222222
1 0.553125 0.2847222222222222 0.01875 0.05277777777777778
1 0.965625 0.9555555555555556 0.065625 0.08888888888888889
1 0.66484375 0.18194444444444444 0.0171875 0.041666666666666664
1 0.9515625 0.3375 0.078125 0.08611111111111111
1 0.728125 0.4 0.034375 0.08888888888888889
1 0.6796875 0.27361111111111114 0.021875 0.06388888888888888
1 0.5265625 0.3125 0.021875 0.06388888888888888
2 0.3953125 0.3861111111111111 0.065625 0.12777777777777777
2 0.67734375 0.11388888888888889 0.0296875 0.044444444444444446
2 0.4390625 0.3 0.04375 0.06666666666666667
0 0.66484375 0.18194444444444444 0.0171875 0.041666666666666664
0 0.3015625 0.5208333333333334 0.025 0.125
0 0.553125 0.2847222222222222 0.01875 0.05277777777777778
0 0.72421875 0.34444444444444444 0.0234375 0.06111111111111111
0 0.5265625 0.24583333333333332 0.01875 0.041666666666666664
0 0.52578125 0.8208333333333333 0.0671875 0.19722222222222222
0 0.33203125 0.5166666666666667 0.0265625 0.12777777777777777
0 0.37421875 0.5236111111111111 0.0296875 0.11388888888888889
0 0.275 0.875 0.06875 0.18333333333333332
0 0.96796875 0.8763888888888889 0.0609375 0.19722222222222222
