1 0.89921875 0.30972222222222223 0.0296875 0.058333333333333334
1 0.64375 0.1375 0.0125 0.03611111111111111
1 0.81796875 0.2722222222222222 0.0265625 0.05
1 0.7375 0.20555555555555555 0.01875 0.05555555555555555
1 0.546875 0.17222222222222222 0.0125 0.03333333333333333
1 0.7953125 0.3736111111111111 0.034375 0.10277777777777777
1 0.67734375 0.2708333333333333 0.0234375 0.06388888888888888
2 0.6828125 0.09583333333333334 0.028125 0.05277777777777778
2 0.72109375 0.1388888888888889 0.0359375 0.05
0 0.453125 0.31666666666666665 0.01875 0.06111111111111111
0 0.4578125 0.33611111111111114 0.01875 0.07222222222222222
0 0.471875 0.3138888888888889 0.01875 0.06666666666666667
0 0.546875 0.17222222222222222 0.0125 0.03333333333333333
0 0.7921875 0.35555555555555557 0.034375 0.10555555555555556
0 0.33515625 0.5222222222222223 0.0328125 0.1388888888888889
0 0.67578125 0.25277777777777777 0.0234375 0.06666666666666667
