1 0.5140625 0.2013888888888889 0.0125 0.03611111111111111
1 0.7390625 0.1736111111111111 0.021875 0.04722222222222222
1 0.46796875 0.3111111111111111 0.0203125 0.05555555555555555
1 0.66328125 0.20416666666666666 0.0171875 0.041666666666666664
1 0.6609375 0.1763888888888889 0.01875 0.058333333333333334
1 0.6953125 0.2791666666666667 0.025 0.06944444444444445
1 0.53125 0.20416666666666666 0.015625 0.03611111111111111
1 0.778125 0.41388888888888886 0.0375 0.1111111111111111
2 0.6828125 0.09583333333333334 0.028125 0.04722222222222222
2 0.7203125 0.14027777777777778 0.03125 0.04722222222222222
0 0.5296875 0.175 0.0125 0.044444444444444446
0 0.51328125 0.17777777777777778 0.0140625 0.05
0 0.37578125 0.4847222222222222 0.0328125 0.125
0 0.45234375 0.38055555555555554 0.0296875 0.10555555555555556
0 0.3359375 0.5208333333333334 0.0375 0.14166666666666666
0 0.6609375 0.1763888888888889 0.01875 0.058333333333333334
0 0.775 0.3819444444444444 0.0375 0.11388888888888889
