1 0.83828125 0.18888888888888888 0.0671875 0.20555555555555555
1 0.88203125 0.275 0.0359375 0.14444444444444443
1 0.14296875 0.5513888888888889 0.0640625 0.1361111111111111
1 0.25 0.6555555555555556 0.078125 0.19444444444444445
2 0.71953125 0.11805555555555555 0.0640625 0.14166666666666666
1 0.128125 0.3486111111111111 0.04375 0.09722222222222222
0 0.88203125 0.25 0.0390625 0.14444444444444443
0 0.2453125 0.5458333333333333 0.065625 0.1527777777777778
0 0.02265625 0.24027777777777778 0.0328125 0.15833333333333333
0 0.14375 0.4847222222222222 0.05 0.1638888888888889
0 0.98671875 0.2361111111111111 0.0265625 0.15555555555555556
0 0.92421875 0.1125 0.0265625 0.13055555555555556
0 0.1296875 0.28055555555555556 0.04375 0.1111111111111111
