3 0.87265625 0.6513888888888889 0.2421875 0.6472222222222223
1 0.4828125 0.40694444444444444 0.025 0.08055555555555556
1 0.3625 0.6111111111111112 0.040625 0.1
1 0.6890625 0.2388888888888889 0.021875 0.06666666666666667
1 0.5265625 0.26805555555555555 0.01875 0.05277777777777778
2 0.67578125 0.09861111111111111 0.0328125 0.04722222222222222
2 0.7203125 0.1388888888888889 0.034375 0.05
2 0.40703125 0.39166666666666666 0.0453125 0.09444444444444444
2 0.43046875 0.3194444444444444 0.0484375 0.08333333333333333
2 0.52421875 0.6555555555555556 0.0921875 0.22777777777777777
0 0.75625 0.23333333333333334 0.0125 0.06111111111111111
0 0.6890625 0.2388888888888889 0.021875 0.06666666666666667
0 0.29609375 0.6458333333333334 0.0265625 0.06388888888888888
0 0.746875 0.23194444444444445 0.0125 0.075
0 0.3609375 0.5930555555555556 0.040625 0.10833333333333334
0 0.47265625 0.3125 0.0171875 0.058333333333333334
0 0.2515625 0.9541666666666667 0.05 0.09166666666666666
