1 0.253125 0.21388888888888888 0.103125 0.16666666666666666
1 0.428125 0.4152777777777778 0.059375 0.08611111111111111
1 0.15859375 0.8944444444444445 0.1109375 0.2
1 0.15625 0.34444444444444444 0.065625 0.1
1 0.6796875 0.4861111111111111 0.0625 0.14444444444444443
1 0.428125 0.7916666666666666 0.075 0.20555555555555555
1 0.2171875 0.5458333333333333 0.065625 0.11388888888888889
1 0.1265625 0.6486111111111111 0.071875 0.14722222222222223
1 0.5453125 0.3458333333333333 0.04375 0.11388888888888889
2 0.79375 0.23194444444444445 0.090625 0.20277777777777778
2 0.04296875 0.47638888888888886 0.0859375 0.2361111111111111
2 0.40625 0.2611111111111111 0.146875 0.16111111111111112
2 0.29140625 0.35694444444444445 0.1796875 0.20277777777777778
0 0.11015625 0.5513888888888889 0.0515625 0.1527777777777778
0 0.45546875 0.5541666666666667 0.0734375 0.20833333333333334
0 0.1453125 0.2777777777777778 0.040625 0.11666666666666667
0 0.43671875 0.6763888888888889 0.0765625 0.20833333333333334
0 0.41796875 0.6527777777777778 0.0765625 0.14444444444444443
0 0.2171875 0.4486111111111111 0.053125 0.14166666666666666
0 0.6796875 0.3819444444444444 0.065625 0.11388888888888889
0 0.1625 0.8083333333333333 0.08125 0.22777777777777777
0 0.159375 0.30694444444444446 0.053125 0.14166666666666666
0 0.5484375 0.24305555555555555 0.046875 0.11388888888888889
0 0.88125 0.35138888888888886 0.0375 0.18055555555555555
0 0.89375 0.2125 0.034375 0.13055555555555556
