1 0.29453125 0.33611111111111114 0.0578125 0.08888888888888889
1 0.3859375 0.13055555555555556 0.040625 0.08888888888888889
1 0.6109375 0.2708333333333333 0.04375 0.10833333333333334
0 0.72421875 0.4125 0.0453125 0.14722222222222223
0 0.64921875 0.09722222222222222 0.0171875 0.09444444444444444
0 0.0140625 0.2375 0.021875 0.15833333333333333
0 0.29375 0.3125 0.05 0.125
0 0.31875 0.24027777777777778 0.040625 0.11944444444444445
0 0.61171875 0.2111111111111111 0.0453125 0.15
0 0.55546875 0.16666666666666666 0.0296875 0.17777777777777778
0 0.1421875 0.21805555555555556 0.028125 0.15833333333333333
