1 0.72734375 0.40694444444444444 0.0671875 0.1361111111111111
1 0.40859375 0.4777777777777778 0.0359375 0.09444444444444444
1 0.27734375 0.8069444444444445 0.1140625 0.18055555555555555
1 0.740625 0.21388888888888888 0.021875 0.06111111111111111
1 0.70859375 0.2361111111111111 0.0203125 0.06666666666666667
1 0.66328125 0.3194444444444444 0.0328125 0.09444444444444444
1 0.9390625 0.6111111111111112 0.040625 0.12777777777777777
1 0.84765625 0.41388888888888886 0.0390625 0.10555555555555556
1 0.521875 0.2777777777777778 0.021875 0.05
2 0.7203125 0.14166666666666666 0.040625 0.05555555555555555
2 0.6765625 0.1 0.03125 0.044444444444444446
2 0.43828125 0.2986111111111111 0.0453125 0.06944444444444445
0 0.546875 0.17222222222222222 0.0125 0.044444444444444446
0 0.934375 0.5472222222222223 0.04375 0.16666666666666666
0 0.84296875 0.38055555555555554 0.0359375 0.10555555555555556
0 0.95078125 0.37916666666666665 0.0390625 0.14166666666666666
0 0.8390625 0.35 0.028125 0.05555555555555555
0 0.91171875 0.3902777777777778 0.0265625 0.1361111111111111
