1 0.9515625 0.3388888888888889 0.06875 0.07777777777777778
1 0.6671875 0.17083333333333334 0.01875 0.041666666666666664
1 0.8546875 0.4097222222222222 0.03125 0.10277777777777777
1 0.52890625 0.24027777777777778 0.0171875 0.041666666666666664
1 0.45703125 0.5486111111111112 0.0421875 0.125
1 0.54375 0.2791666666666667 0.021875 0.058333333333333334
1 0.69765625 0.24305555555555555 0.0234375 0.06388888888888888
2 0.434375 0.3 0.04375 0.07222222222222222
2 0.4953125 0.7305555555555555 0.0875 0.2611111111111111
2 0.7140625 0.1625 0.05 0.06944444444444445
0 0.52890625 0.24027777777777778 0.0171875 0.041666666666666664
0 0.83828125 0.2875 0.0203125 0.06944444444444445
0 0.25078125 0.7305555555555555 0.0359375 0.1388888888888889
0 0.8515625 0.38333333333333336 0.03125 0.11666666666666667
0 0.5609375 0.8194444444444444 0.059375 0.18333333333333332
0 0.284375 0.7888888888888889 0.04375 0.17222222222222222
0 0.45546875 0.5180555555555556 0.0390625 0.10833333333333334
