1 0.525 0.19444444444444445 0.025 0.03888888888888889
1 0.79921875 0.2361111111111111 0.0328125 0.05
1 0.95078125 0.3388888888888889 0.0734375 0.07777777777777778
1 0.665625 0.18055555555555555 0.01875 0.06111111111111111
1 0.4890625 0.5833333333333334 0.028125 0.06111111111111111
1 0.88203125 0.44722222222222224 0.0328125 0.1111111111111111
1 0.54140625 0.6180555555555556 0.0453125 0.10277777777777777
1 0.46640625 0.6916666666666667 0.0421875 0.09444444444444444
1 0.82265625 0.275 0.0265625 0.06111111111111111
2 0.4390625 0.3013888888888889 0.04375 0.06944444444444445
0 0.4640625 0.65 0.040625 0.12222222222222222
0 0.33046875 0.525 0.0296875 0.12777777777777777
0 0.44375 0.4222222222222222 0.028125 0.1
0 0.28125 0.7805555555555556 0.046875 0.15555555555555556
0 0.359375 0.5277777777777778 0.03125 0.10555555555555556
0 0.4578125 0.6208333333333333 0.040625 0.09166666666666666
0 0.4859375 0.5277777777777778 0.034375 0.10555555555555556
0 0.53984375 0.5875 0.0484375 0.11388888888888889
0 0.88046875 0.4097222222222222 0.0328125 0.1361111111111111
