1 0.03203125 0.7138888888888889 0.0609375 0.22777777777777777
1 0.08984375 0.37916666666666665 0.0453125 0.1527777777777778
1 0.890625 0.1763888888888889 0.040625 0.10833333333333334
1 0.753125 0.4777777777777778 0.046875 0.1388888888888889
2 0.53984375 0.14444444444444443 0.1140625 0.15555555555555556
0 0.05234375 0.24027777777777778 0.0296875 0.13055555555555556
0 0.890625 0.14027777777777778 0.040625 0.1361111111111111
0 0.8921875 0.3138888888888889 0.04375 0.19444444444444445
0 0.6875 0.1111111111111111 0.03125 0.12222222222222222
0 0.75 0.41944444444444445 0.059375 0.2222222222222222
0 0.0890625 0.3458333333333333 0.04375 0.19166666666666668
0 0.81875 0.5958333333333333 0.0625 0.25833333333333336
