1 0.8140625 0.28194444444444444 0.0375 0.1361111111111111
1 0.71484375 0.5444444444444444 0.0453125 0.14444444444444443
1 0.75234375 0.2361111111111111 0.0421875 0.12222222222222222
1 0.21484375 0.2763888888888889 0.0484375 0.10833333333333334
1 0.39375 0.5430555555555555 0.05 0.14722222222222223
1 0.340625 0.3472222222222222 0.046875 0.1111111111111111
1 0.85078125 0.44305555555555554 0.0609375 0.11944444444444445
0 0.7546875 0.17916666666666667 0.040625 0.11388888888888889
0 0.853125 0.39166666666666666 0.053125 0.21666666666666667
0 0.8140625 0.24305555555555555 0.040625 0.16944444444444445
0 0.696875 0.3055555555555556 0.046875 0.15555555555555556
0 0.39375 0.4708333333333333 0.059375 0.21944444444444444
0 0.21484375 0.24305555555555555 0.0484375 0.14166666666666666
0 0.87890625 0.27361111111111114 0.0390625 0.175
0 0.34140625 0.3055555555555556 0.0484375 0.16111111111111112
