1 0.6109375 0.8819444444444444 0.171875 0.21388888888888888
1 0.90078125 0.23472222222222222 0.0328125 0.10833333333333334
1 0.471875 0.4847222222222222 0.04375 0.11944444444444445
1 0.05 0.8541666666666666 0.0875 0.2361111111111111
1 0.7078125 0.1986111111111111 0.040625 0.10833333333333334
1 0.78984375 0.14027777777777778 0.0359375 0.10833333333333334
1 0.84140625 0.2013888888888889 0.0359375 0.10833333333333334
2 0.38828125 0.6472222222222223 0.2015625 0.35555555555555557
0 0.78984375 0.07916666666666666 0.0265625 0.058333333333333334
0 0.4703125 0.3819444444444444 0.05 0.11944444444444445
0 0.70703125 0.17777777777777778 0.0390625 0.13333333333333333
0 0.78984375 0.1111111111111111 0.0328125 0.1111111111111111
0 0.8421875 0.1486111111111111 0.034375 0.10833333333333334
0 0.9390625 0.20972222222222223 0.034375 0.1527777777777778
0 0.89921875 0.20555555555555555 0.0328125 0.15
