1 0.546875 0.23194444444444445 0.015625 0.04722222222222222
1 0.4953125 0.45 0.028125 0.06666666666666667
1 0.5234375 0.21805555555555556 0.025 0.058333333333333334
1 0.64375 0.1763888888888889 0.015625 0.04722222222222222
1 0.4765625 0.6513888888888889 0.0375 0.10277777777777777
2 0.396875 0.4041666666666667 0.065625 0.10277777777777777
2 0.72109375 0.14027777777777778 0.0328125 0.05277777777777778
2 0.4296875 0.3194444444444444 0.05625 0.08333333333333333
1 0.4953125 0.45 0.028125 0.06666666666666667
0 0.3734375 0.4875 0.021875 0.05277777777777778
0 0.54453125 0.21666666666666667 0.0140625 0.05555555555555555
0 0.64375 0.1763888888888889 0.015625 0.04722222222222222
0 0.7921875 0.2388888888888889 0.01875 0.07777777777777778
0 0.49140625 0.425 0.0328125 0.09444444444444444
0 0.4890625 0.4111111111111111 0.021875 0.06111111111111111
0 0.47109375 0.5944444444444444 0.0484375 0.11666666666666667
0 0.41953125 0.525 0.0390625 0.12777777777777777
