1 0.41328125 0.8263888888888888 0.1953125 0.3472222222222222
1 0.30078125 0.19305555555555556 0.0796875 0.19166666666666668
1 0.4640625 0.20277777777777778 0.040625 0.10555555555555556
1 0.515625 0.2111111111111111 0.040625 0.1111111111111111
1 0.77734375 0.07777777777777778 0.0203125 0.05
1 0.08125 0.5555555555555556 0.08125 0.15555555555555556
1 0.2578125 0.4111111111111111 0.04375 0.09444444444444444
2 0.06953125 0.9222222222222223 0.1265625 0.14444444444444443
0 0.06953125 0.4875 0.0484375 0.1527777777777778
0 0.515625 0.1736111111111111 0.040625 0.125
0 0.909375 0.19722222222222222 0.034375 0.17222222222222222
0 0.259375 0.34444444444444444 0.05 0.15
0 0.775 0.6138888888888889 0.065625 0.21666666666666667
