1 0.925 0.4027777777777778 0.040625 0.07777777777777778
1 0.7140625 0.21666666666666667 0.021875 0.06111111111111111
1 0.71640625 0.23333333333333334 0.0171875 0.05
1 0.515625 0.2708333333333333 0.015625 0.041666666666666664
1 0.54140625 0.5097222222222222 0.0359375 0.09722222222222222
1 0.546875 0.3125 0.021875 0.05277777777777778
1 0.76171875 0.2361111111111111 0.0203125 0.05555555555555555
2 0.43984375 0.7513888888888889 0.1234375 0.25833333333333336
2 0.6765625 0.10138888888888889 0.034375 0.04722222222222222
2 0.4296875 0.3194444444444444 0.046875 0.07777777777777778
2 0.72109375 0.14027777777777778 0.0390625 0.05277777777777778
2 0.6578125 0.24305555555555555 0.046875 0.08055555555555556
0 0.44453125 0.4222222222222222 0.0203125 0.05555555555555555
0 0.3 0.6819444444444445 0.046875 0.125
0 0.68046875 0.15138888888888888 0.0171875 0.04722222222222222
0 0.7140625 0.21666666666666667 0.021875 0.06111111111111111
0 0.3328125 0.5180555555555556 0.03125 0.125
0 0.53984375 0.4888888888888889 0.0359375 0.1
0 0.52578125 0.40555555555555556 0.0234375 0.07777777777777778
0 0.36875 0.6166666666666667 0.0375 0.11666666666666667
