1 0.58671875 0.5847222222222223 0.1265625 0.35833333333333334
1 0.5421875 0.35138888888888886 0.040625 0.13055555555555556
2 0.02109375 0.4847222222222222 0.0421875 0.25833333333333336
2 0.3640625 0.2152777777777778 0.121875 0.18055555555555555
1 0.18125 0.6472222222222223 0.0625 0.12222222222222222
0 0.54140625 0.3111111111111111 0.0421875 0.18333333333333332
0 0.63984375 0.24027777777777778 0.0390625 0.16944444444444445
0 0.61796875 0.34305555555555556 0.0484375 0.1361111111111111
0 0.86484375 0.8555555555555555 0.0828125 0.28888888888888886
0 0.18046875 0.5833333333333334 0.0671875 0.20555555555555555
