1 0.371875 0.6430555555555556 0.25625 0.3638888888888889
1 0.9125 0.14027777777777778 0.0375 0.09722222222222222
1 0.221875 0.30416666666666664 0.04375 0.08611111111111111
1 0.35390625 0.45416666666666666 0.0671875 0.075
1 0.86015625 0.24861111111111112 0.0453125 0.11388888888888889
2 0.7625 0.11388888888888889 0.1 0.13333333333333333
2 0.6125 0.3013888888888889 0.140625 0.24166666666666667
1 0.66796875 0.9347222222222222 0.0734375 0.13055555555555556
0 0.02109375 0.24722222222222223 0.0328125 0.15
0 0.91171875 0.10555555555555556 0.0359375 0.1
0 0.909375 0.0763888888888889 0.03125 0.05277777777777778
0 0.35546875 0.4125 0.0515625 0.13055555555555556
0 0.86015625 0.20694444444444443 0.0484375 0.14722222222222223
0 0.21953125 0.24444444444444444 0.0421875 0.11666666666666667
0 0.6703125 0.8611111111111112 0.084375 0.25555555555555554
