1 0.28359375 0.2111111111111111 0.0796875 0.19444444444444445
1 0.48828125 0.5138888888888888 0.0734375 0.13333333333333333
1 0.78984375 0.45416666666666666 0.0609375 0.20833333333333334
1 0.91875 0.1361111111111111 0.034375 0.10555555555555556
1 0.7828125 0.4861111111111111 0.0375 0.15555555555555556
1 0.53359375 0.6555555555555556 0.0734375 0.18333333333333332
1 0.02734375 0.41388888888888886 0.0421875 0.1111111111111111
1 0.7796875 0.2125 0.04375 0.125
1 0.31328125 0.8916666666666667 0.1140625 0.21666666666666667
1 0.90078125 0.2388888888888889 0.0359375 0.11666666666666667
1 0.83828125 0.20694444444444443 0.0359375 0.11388888888888889
2 0.95859375 0.6152777777777778 0.0828125 0.2861111111111111
2 0.4640625 0.10972222222222222 0.06875 0.10277777777777777
2 0.63046875 0.2638888888888889 0.1578125 0.2722222222222222
1 0.715625 0.6513888888888889 0.04375 0.19166666666666668
0 0.91953125 0.07916666666666666 0.0265625 0.06388888888888888
0 0.56796875 0.20555555555555555 0.0359375 0.12222222222222222
0 0.3140625 0.8319444444444445 0.090625 0.21944444444444444
0 0.78984375 0.41944444444444445 0.0609375 0.21666666666666667
0 0.9203125 0.10972222222222222 0.03125 0.11388888888888889
0 0.9 0.20972222222222223 0.0375 0.14166666666666666
0 0.77890625 0.1763888888888889 0.0390625 0.11944444444444445
0 0.7203125 0.5583333333333333 0.053125 0.22777777777777777
0 0.53359375 0.5958333333333333 0.0703125 0.23055555555555557
0 0.8390625 0.175 0.0375 0.14444444444444443
0 0.18515625 0.17222222222222222 0.0265625 0.13333333333333333
0 0.02578125 0.37777777777777777 0.0453125 0.15
