1 0.8578125 0.2388888888888889 0.0625 0.07222222222222222
1 0.47734375 0.4861111111111111 0.0296875 0.06111111111111111
1 0.4515625 0.5444444444444444 0.0375 0.10555555555555556
1 0.52421875 0.7541666666666667 0.0453125 0.11944444444444445
2 0.3953125 0.4083333333333333 0.065625 0.11666666666666667
2 0.5265625 0.31666666666666665 0.05 0.10555555555555556
2 0.43125 0.3013888888888889 0.059375 0.08055555555555556
2 0.66328125 0.24027777777777778 0.0546875 0.11944444444444445
2 0.70625 0.16805555555555557 0.053125 0.075
0 0.34140625 0.6819444444444445 0.0328125 0.1638888888888889
0 0.4765625 0.31527777777777777 0.015625 0.06388888888888888
0 0.47265625 0.45416666666666666 0.0328125 0.09722222222222222
0 0.53125 0.2013888888888889 0.0125 0.058333333333333334
0 0.27265625 0.8041666666666667 0.0734375 0.2361111111111111
0 0.4515625 0.5222222222222223 0.0375 0.10555555555555556
0 0.9703125 0.4513888888888889 0.028125 0.13055555555555556
0 0.521875 0.7194444444444444 0.05 0.15
