1 0.61875 0.20972222222222223 0.015625 0.04722222222222222
1 0.51953125 0.2763888888888889 0.0203125 0.04722222222222222
1 0.46796875 0.3111111111111111 0.0203125 0.05555555555555555
1 0.546875 0.20416666666666666 0.015625 0.03611111111111111
1 0.696875 0.2777777777777778 0.025 0.06666666666666667
1 0.8359375 0.5222222222222223 0.04375 0.11666666666666667
1 0.659375 0.20833333333333334 0.01875 0.05555555555555555
2 0.42734375 0.3111111111111111 0.0328125 0.05
2 0.7203125 0.1388888888888889 0.0375 0.05555555555555555
0 0.37578125 0.4861111111111111 0.0328125 0.12222222222222222
0 0.54609375 0.175 0.0140625 0.044444444444444446
0 0.50859375 0.2111111111111111 0.0171875 0.03888888888888889
0 0.46796875 0.3111111111111111 0.0203125 0.05555555555555555
0 0.45 0.41805555555555557 0.03125 0.11388888888888889
0 0.83203125 0.48194444444444445 0.0390625 0.125
0 0.4296875 0.4166666666666667 0.034375 0.11666666666666667
