1 0.52265625 0.25 0.0234375 0.05555555555555555
1 0.40703125 0.5861111111111111 0.0578125 0.09444444444444444
1 0.44375 0.4791666666666667 0.025 0.05277777777777778
1 0.675 0.2777777777777778 0.025 0.06666666666666667
1 0.6828125 0.38472222222222224 0.03125 0.10277777777777777
1 0.49296875 0.4486111111111111 0.0234375 0.058333333333333334
2 0.4671875 0.2652777777777778 0.028125 0.04722222222222222
2 0.39609375 0.4027777777777778 0.0640625 0.08888888888888889
2 0.6234375 0.17222222222222222 0.059375 0.07777777777777778
2 0.67578125 0.09722222222222222 0.0328125 0.05
2 0.43828125 0.3 0.0453125 0.06666666666666667
2 0.709375 0.1625 0.053125 0.08055555555555556
0 0.51015625 0.16527777777777777 0.0171875 0.03611111111111111
0 0.52265625 0.25 0.0234375 0.05555555555555555
0 0.334375 0.5208333333333334 0.034375 0.13055555555555556
0 0.24375 0.7611111111111111 0.021875 0.08333333333333333
0 0.746875 0.21666666666666667 0.015625 0.07222222222222222
0 0.40859375 0.5583333333333333 0.0453125 0.09444444444444444
0 0.48984375 0.4166666666666667 0.0265625 0.07222222222222222
