1 0.83125 0.175 0.034375 0.12222222222222222
1 0.0640625 0.85 0.1125 0.24444444444444444
2 0.48671875 0.075 0.0578125 0.07222222222222222
2 0.29296875 0.2375 0.1296875 0.175
2 0.1484375 0.4097222222222222 0.19375 0.23055555555555557
1 0.60859375 0.7930555555555555 0.0609375 0.20277777777777778
0 0.89296875 0.4388888888888889 0.0359375 0.20555555555555555
0 0.43203125 0.5847222222222223 0.0765625 0.1361111111111111
0 0.83125 0.1486111111111111 0.034375 0.11944444444444445
0 0.871875 0.3125 0.04375 0.1638888888888889
0 0.059375 0.7541666666666667 0.075 0.21388888888888888
0 0.6078125 0.6791666666666667 0.065625 0.2361111111111111
