1 0.828125 0.2777777777777778 0.084375 0.23333333333333334
1 0.8234375 0.09861111111111111 0.025 0.075
1 0.18828125 0.3125 0.0421875 0.09722222222222222
1 0.0609375 0.3763888888888889 0.03125 0.10833333333333334
1 0.56015625 0.3402777777777778 0.0390625 0.11944444444444445
1 0.61171875 0.5180555555555556 0.0453125 0.15833333333333333
1 0.6625 0.24583333333333332 0.04375 0.11944444444444445
1 0.14609375 0.7361111111111112 0.0921875 0.20555555555555555
2 0.88671875 0.05277777777777778 0.0421875 0.03888888888888889
2 0.021875 0.875 0.04375 0.24444444444444444
2 0.92734375 0.21805555555555556 0.0953125 0.19722222222222222
2 0.45234375 0.5375 0.2015625 0.26944444444444443
0 0.45546875 0.3375 0.0421875 0.11944444444444445
0 0.5609375 0.24444444444444444 0.03125 0.1111111111111111
0 0.66484375 0.17916666666666667 0.0390625 0.09722222222222222
0 0.61171875 0.4722222222222222 0.0578125 0.2111111111111111
0 0.61171875 0.4111111111111111 0.0515625 0.13333333333333333
0 0.1421875 0.6138888888888889 0.06875 0.15
0 0.19453125 0.27361111111111114 0.0421875 0.14722222222222223
0 0.0609375 0.34444444444444444 0.034375 0.14444444444444443
