1 0.76171875 0.2708333333333333 0.0234375 0.06388888888888888
1 0.65078125 0.16805555555555557 0.0140625 0.041666666666666664
1 0.42890625 0.6541666666666667 0.0390625 0.10277777777777777
1 0.4859375 0.3416666666666667 0.021875 0.05555555555555555
1 0.90390625 0.7986111111111112 0.0671875 0.18055555555555555
1 0.53203125 0.3375 0.0234375 0.05277777777777778
2 0.47265625 0.24722222222222223 0.0265625 0.05
2 0.7234375 0.14166666666666666 0.040625 0.05
2 0.4265625 0.31805555555555554 0.04375 0.075
2 0.396875 0.4041666666666667 0.0625 0.08611111111111111
2 0.53359375 0.24305555555555555 0.0453125 0.05277777777777778
0 0.53046875 0.31805555555555554 0.0234375 0.04722222222222222
0 0.759375 0.2513888888888889 0.021875 0.075
0 0.33359375 0.5208333333333334 0.0296875 0.13055555555555556
0 0.5046875 0.8305555555555556 0.06875 0.18888888888888888
0 0.89765625 0.7222222222222222 0.0484375 0.16111111111111112
0 0.425 0.6208333333333333 0.040625 0.11944444444444445
0 0.35859375 0.8986111111111111 0.0515625 0.14166666666666666
