1 0.45546875 0.6097222222222223 0.1046875 0.20833333333333334
1 0.5046875 0.4861111111111111 0.03125 0.1111111111111111
1 0.74296875 0.2388888888888889 0.0234375 0.07222222222222222
1 0.6796875 0.23194444444444445 0.01875 0.04722222222222222
1 0.5125 0.2986111111111111 0.015625 0.03611111111111111
1 0.67578125 0.21388888888888888 0.0234375 0.06666666666666667
2 0.6765625 0.1 0.034375 0.044444444444444446
2 0.4296875 0.32222222222222224 0.046875 0.07777777777777778
2 0.7203125 0.1388888888888889 0.034375 0.05
2 0.40703125 0.4013888888888889 0.0421875 0.08611111111111111
0 0.35859375 0.5930555555555556 0.0421875 0.11388888888888889
0 0.51171875 0.2791666666666667 0.0171875 0.041666666666666664
0 0.5046875 0.4861111111111111 0.03125 0.1111111111111111
0 0.67578125 0.21388888888888888 0.0234375 0.06666666666666667
