1 0.5359375 0.14166666666666666 0.0375 0.11666666666666667
1 0.81328125 0.30833333333333335 0.0640625 0.20555555555555555
1 0.25234375 0.2652777777777778 0.0390625 0.08611111111111111
1 0.8109375 0.3486111111111111 0.040625 0.1361111111111111
1 0.14609375 0.6888888888888889 0.1015625 0.18888888888888888
1 0.8859375 0.17777777777777778 0.04375 0.11666666666666667
2 0.73671875 0.16111111111111112 0.1140625 0.18333333333333332
2 0.81796875 0.06527777777777778 0.0828125 0.09166666666666666
2 0.21953125 0.8458333333333333 0.2609375 0.30833333333333335
2 0.55234375 0.3902777777777778 0.1609375 0.28055555555555556
0 0.8859375 0.14583333333333334 0.040625 0.11944444444444445
0 0.14140625 0.5875 0.0515625 0.18055555555555555
0 0.02109375 0.24722222222222223 0.0328125 0.14444444444444443
0 0.8125 0.3055555555555556 0.046875 0.17222222222222222
0 0.2515625 0.21388888888888888 0.040625 0.12777777777777777
