1 0.70546875 0.4111111111111111 0.1015625 0.2111111111111111
3 0.94921875 0.5361111111111111 0.1015625 0.26666666666666666
1 0.56796875 0.6138888888888889 0.0265625 0.06111111111111111
1 0.95234375 0.3375 0.0703125 0.075
1 0.51328125 0.5791666666666667 0.0359375 0.11388888888888889
2 0.39609375 0.3888888888888889 0.0640625 0.1111111111111111
2 0.72109375 0.14583333333333334 0.0296875 0.04722222222222222
2 0.69765625 0.20277777777777778 0.0390625 0.07777777777777778
2 0.74296875 0.15 0.0421875 0.05555555555555555
2 0.75234375 0.2847222222222222 0.0578125 0.11944444444444445
2 0.6390625 0.24027777777777778 0.04375 0.058333333333333334
0 0.66484375 0.2125 0.0140625 0.05277777777777778
0 0.31484375 0.6569444444444444 0.0328125 0.1361111111111111
0 0.45546875 0.3527777777777778 0.0171875 0.06111111111111111
0 0.86015625 0.3416666666666667 0.0171875 0.07777777777777778
0 0.8578125 0.31666666666666665 0.015625 0.06666666666666667
0 0.88203125 0.2791666666666667 0.0171875 0.075
0 0.89453125 0.28194444444444444 0.0171875 0.075
0 0.3671875 0.5041666666666667 0.03125 0.11388888888888889
0 0.509375 0.5569444444444445 0.034375 0.11388888888888889
0 0.559375 0.5555555555555556 0.0375 0.10555555555555556
