1 0.2203125 0.2847222222222222 0.109375 0.225
1 0.853125 0.26805555555555555 0.075 0.21944444444444444
1 0.8609375 0.12916666666666668 0.034375 0.05277777777777778
1 0.72578125 0.17083333333333334 0.0640625 0.1361111111111111
1 0.38125 0.3416666666666667 0.040625 0.08888888888888889
1 0.89765625 0.07916666666666666 0.0234375 0.058333333333333334
1 0.12265625 0.4513888888888889 0.0703125 0.11388888888888889
2 0.77890625 0.08333333333333333 0.0921875 0.08888888888888889
0 0.89765625 0.07916666666666666 0.0234375 0.058333333333333334
0 0.121875 0.24444444444444444 0.028125 0.15
0 0.1234375 0.4083333333333333 0.053125 0.16111111111111112
0 0.35 0.12916666666666668 0.025 0.11944444444444445
0 0.38046875 0.28194444444444444 0.0453125 0.1527777777777778
