1 0.81171875 0.3125 0.0234375 0.06388888888888888
1 0.9 0.3111111111111111 0.03125 0.05
1 0.7171875 0.24166666666666667 0.021875 0.044444444444444446
1 0.47265625 0.3375 0.0171875 0.04722222222222222
1 0.71953125 0.3 0.0203125 0.044444444444444446
1 0.76328125 0.23472222222222222 0.0234375 0.05277777777777778
1 0.534375 0.24305555555555555 0.021875 0.058333333333333334
1 0.8125 0.3388888888888889 0.021875 0.06111111111111111
1 0.3609375 0.6097222222222223 0.04375 0.09722222222222222
1 0.68515625 0.1986111111111111 0.0203125 0.04722222222222222
1 0.71796875 0.2791666666666667 0.0234375 0.05277777777777778
2 0.42890625 0.32222222222222224 0.0453125 0.07777777777777778
2 0.40703125 0.3902777777777778 0.0453125 0.09722222222222222
2 0.6765625 0.10138888888888889 0.034375 0.04722222222222222
2 0.72109375 0.14027777777777778 0.0390625 0.05277777777777778
0 0.5078125 0.2152777777777778 0.0125 0.041666666666666664
0 0.68203125 0.18333333333333332 0.0203125 0.03888888888888889
0 0.534375 0.24305555555555555 0.021875 0.058333333333333334
0 0.8109375 0.3125 0.03125 0.10277777777777777
0 0.35859375 0.5944444444444444 0.0421875 0.1
0 0.71640625 0.20972222222222223 0.0203125 0.05277777777777778
