1 0.38046875 0.7291666666666666 0.1078125 0.25277777777777777
1 0.67265625 0.3263888888888889 0.0640625 0.19722222222222222
1 0.4953125 0.3125 0.01875 0.05277777777777778
1 0.525 0.3458333333333333 0.021875 0.05277777777777778
2 0.72109375 0.14166666666666666 0.0390625 0.05
2 0.68203125 0.09583333333333334 0.0296875 0.05277777777777778
2 0.53125 0.24305555555555555 0.046875 0.04722222222222222
2 0.509375 0.9263888888888889 0.0625 0.11388888888888889
2 0.39765625 0.4027777777777778 0.0640625 0.09444444444444444
2 0.38046875 0.7291666666666666 0.1078125 0.25277777777777777
2 0.43046875 0.32083333333333336 0.0484375 0.075
2 0.52265625 0.5805555555555556 0.1109375 0.17777777777777778
0 0.33359375 0.5180555555555556 0.0296875 0.14166666666666666
0 0.4953125 0.3125 0.01875 0.05277777777777778
0 0.490625 0.8277777777777777 0.06875 0.1
0 0.52265625 0.31527777777777777 0.0203125 0.058333333333333334
0 0.45859375 0.7569444444444444 0.0546875 0.14166666666666666
