1 0.97265625 0.6138888888888889 0.0421875 0.13333333333333333
1 0.69375 0.36944444444444446 0.034375 0.1
1 0.759375 0.23194444444444445 0.021875 0.075
1 0.3609375 0.6097222222222223 0.040625 0.09722222222222222
1 0.80390625 0.35 0.0296875 0.06666666666666667
1 0.66953125 0.1625 0.0140625 0.04722222222222222
2 0.396875 0.4041666666666667 0.0625 0.08611111111111111
2 0.5203125 0.30416666666666664 0.04375 0.075
2 0.6765625 0.1 0.03125 0.044444444444444446
2 0.42734375 0.32222222222222224 0.0484375 0.07222222222222222
2 0.7203125 0.1388888888888889 0.040625 0.05555555555555555
2 0.4953125 0.8722222222222222 0.159375 0.25555555555555554
0 0.684375 0.3138888888888889 0.01875 0.044444444444444446
0 0.35859375 0.5930555555555556 0.0390625 0.09722222222222222
0 0.965625 0.55 0.046875 0.16666666666666666
0 0.4640625 0.5583333333333333 0.034375 0.1
0 0.79921875 0.30694444444444446 0.0296875 0.05277777777777778
