1 0.3375 0.6513888888888889 0.0375 0.08611111111111111
1 0.51484375 0.3013888888888889 0.0203125 0.058333333333333334
1 0.53671875 0.2375 0.0171875 0.058333333333333334
1 0.8984375 0.6861111111111111 0.046875 0.15
1 0.39375 0.6805555555555556 0.034375 0.1
2 0.48828125 0.38333333333333336 0.0484375 0.10555555555555556
2 0.70859375 0.16527777777777777 0.0546875 0.075
2 0.43828125 0.3 0.0453125 0.06666666666666667
0 0.31640625 0.6527777777777778 0.0390625 0.1111111111111111
0 0.53671875 0.2375 0.0171875 0.058333333333333334
0 0.49140625 0.24027777777777778 0.0140625 0.04722222222222222
0 0.38828125 0.6194444444444445 0.0390625 0.1
