1 0.69921875 0.3125 0.0265625 0.058333333333333334
1 0.3984375 0.48194444444444445 0.040625 0.10277777777777777
1 0.66484375 0.20555555555555555 0.0234375 0.05555555555555555
1 0.89921875 0.30972222222222223 0.0296875 0.058333333333333334
1 0.5046875 0.3125 0.021875 0.058333333333333334
1 0.65703125 0.2777777777777778 0.0203125 0.06111111111111111
1 0.753125 0.3416666666666667 0.028125 0.07222222222222222
1 0.87265625 0.44166666666666665 0.0359375 0.1
1 0.50625 0.33611111111111114 0.01875 0.044444444444444446
1 0.6984375 0.3388888888888889 0.028125 0.06666666666666667
2 0.6828125 0.09444444444444444 0.028125 0.05
2 0.69609375 0.18333333333333332 0.0328125 0.06111111111111111
2 0.44140625 0.8236111111111111 0.1296875 0.2916666666666667
2 0.72109375 0.1388888888888889 0.0328125 0.05555555555555555
0 0.51015625 0.20694444444444443 0.0109375 0.04722222222222222
0 0.7515625 0.3194444444444444 0.03125 0.1
0 0.65703125 0.2777777777777778 0.0203125 0.06111111111111111
0 0.8671875 0.3902777777777778 0.034375 0.10833333333333334
0 0.5046875 0.3125 0.021875 0.058333333333333334
