1 0.509375 0.6416666666666667 0.090625 0.2222222222222222
3 0.509375 0.6416666666666667 0.090625 0.2222222222222222
1 0.740625 0.26805555555555555 0.04375 0.08611111111111111
1 0.6953125 0.2791666666666667 0.025 0.06944444444444445
1 0.8234375 0.4097222222222222 0.0375 0.09722222222222222
1 0.45546875 0.45 0.0234375 0.06111111111111111
1 0.509375 0.41805555555555557 0.021875 0.05277777777777778
1 0.69765625 0.3013888888888889 0.0234375 0.058333333333333334
1 0.79140625 0.4861111111111111 0.0421875 0.1111111111111111
2 0.5046875 0.17083333333333334 0.03125 0.041666666666666664
2 0.5640625 0.21666666666666667 0.021875 0.05
2 0.72109375 0.14305555555555555 0.0296875 0.04722222222222222
2 0.74375 0.15138888888888888 0.040625 0.05277777777777778
2 0.64296875 0.14722222222222223 0.0265625 0.05
2 0.5453125 0.1736111111111111 0.028125 0.04722222222222222
2 0.4390625 0.2986111111111111 0.046875 0.06944444444444445
2 0.5265625 0.3333333333333333 0.059375 0.09444444444444444
0 0.29765625 0.6541666666666667 0.0390625 0.1361111111111111
0 0.78359375 0.4125 0.0234375 0.06388888888888888
0 0.78984375 0.4486111111111111 0.0390625 0.11388888888888889
0 0.5046875 0.3819444444444444 0.021875 0.06388888888888888
0 0.6953125 0.2791666666666667 0.025 0.06944444444444445
0 0.81796875 0.37916666666666665 0.0328125 0.10833333333333334
0 0.453125 0.41388888888888886 0.025 0.06666666666666667
0 0.27890625 0.6902777777777778 0.0359375 0.14166666666666666
