1 0.43203125 0.7847222222222222 0.0640625 0.11944444444444445
1 0.2796875 0.8222222222222222 0.1 0.12222222222222222
1 0.534375 0.23472222222222222 0.03125 0.04722222222222222
1 0.54609375 0.7972222222222223 0.0421875 0.10555555555555556
2 0.6578125 0.18194444444444444 0.0375 0.058333333333333334
2 0.72109375 0.14166666666666666 0.0328125 0.05555555555555555
0 0.54375 0.1736111111111111 0.0125 0.03611111111111111
0 0.4 0.45416666666666666 0.040625 0.1527777777777778
0 0.4296875 0.7569444444444444 0.046875 0.11388888888888889
0 0.540625 0.7208333333333333 0.04375 0.125
