1 0.95234375 0.3388888888888889 0.0734375 0.07777777777777778
1 0.45859375 0.4152777777777778 0.0265625 0.06944444444444445
2 0.6484375 0.1388888888888889 0.01875 0.05
2 0.46875 0.25 0.025 0.05
2 0.70625 0.2152777777777778 0.021875 0.06944444444444445
2 0.5140625 0.23194444444444445 0.028125 0.058333333333333334
2 0.4671875 0.26666666666666666 0.028125 0.044444444444444446
2 0.53125 0.23194444444444445 0.025 0.05277777777777778
2 0.7171875 0.14027777777777778 0.028125 0.05277777777777778
2 0.67578125 0.1 0.0328125 0.044444444444444446
2 0.43828125 0.3 0.0453125 0.06111111111111111
0 0.45859375 0.4152777777777778 0.0265625 0.06944444444444445
0 0.52578125 0.14583333333333334 0.0109375 0.041666666666666664
