1 0.53046875 0.2388888888888889 0.0203125 0.044444444444444446
1 0.5109375 0.30972222222222223 0.021875 0.05277777777777778
1 0.521875 0.5458333333333333 0.040625 0.10833333333333334
1 0.51484375 0.3472222222222222 0.0234375 0.05555555555555555
1 0.7609375 0.2375 0.021875 0.058333333333333334
1 0.540625 0.6847222222222222 0.05 0.125
1 0.54921875 0.38055555555555554 0.0265625 0.07222222222222222
1 0.70390625 0.20416666666666666 0.0203125 0.04722222222222222
2 0.396875 0.40555555555555556 0.059375 0.08333333333333333
2 0.67734375 0.1 0.0296875 0.044444444444444446
2 0.6375 0.20277777777777778 0.04375 0.06111111111111111
2 0.42890625 0.3194444444444444 0.0484375 0.07777777777777778
2 0.72109375 0.14166666666666666 0.0390625 0.05555555555555555
0 0.9296875 0.4166666666666667 0.025 0.06666666666666667
0 0.434375 0.4888888888888889 0.021875 0.06111111111111111
0 0.37265625 0.6513888888888889 0.0328125 0.13055555555555556
0 0.515625 0.5208333333333334 0.034375 0.10277777777777777
0 0.93203125 0.44722222222222224 0.0296875 0.12222222222222222
0 0.534375 0.6541666666666667 0.04375 0.11388888888888889
