1 0.34140625 0.1763888888888889 0.0859375 0.18055555555555555
1 0.759375 0.09305555555555556 0.025 0.06944444444444445
1 0.4 0.6027777777777777 0.065625 0.2
1 0.60234375 0.26666666666666666 0.0359375 0.11666666666666667
1 0.56640625 0.7527777777777778 0.0765625 0.2
0 0.7578125 0.08333333333333333 0.021875 0.06111111111111111
0 0.39921875 0.5472222222222223 0.0671875 0.19444444444444445
0 0.9546875 0.1361111111111111 0.0375 0.12222222222222222
0 0.60234375 0.2125 0.0359375 0.1361111111111111
0 0.7546875 0.23194444444444445 0.040625 0.16944444444444445
0 0.56640625 0.6597222222222222 0.0734375 0.20833333333333334
0 0.03203125 0.5194444444444445 0.0640625 0.20555555555555555
