1 0.3 0.3333333333333333 0.115625 0.2388888888888889
1 0.49140625 0.07777777777777778 0.0703125 0.12777777777777777
3 0.29609375 0.3333333333333333 0.1078125 0.24444444444444444
1 0.35859375 0.20277777777777778 0.0484375 0.12222222222222222
1 0.1125 0.41944444444444445 0.0375 0.1111111111111111
1 0.34140625 0.5902777777777778 0.0671875 0.18055555555555555
1 0.8546875 0.20833333333333334 0.04375 0.11666666666666667
1 0.54453125 0.35138888888888886 0.0421875 0.11944444444444445
1 0.16953125 0.44722222222222224 0.0453125 0.12222222222222222
0 0.54296875 0.30833333333333335 0.0421875 0.18333333333333332
0 0.85234375 0.17777777777777778 0.0421875 0.14444444444444443
0 0.34375 0.4791666666666667 0.0625 0.125
0 0.35625 0.18333333333333332 0.046875 0.11666666666666667
0 0.65859375 0.38472222222222224 0.0390625 0.19722222222222222
0 0.16796875 0.38055555555555554 0.0484375 0.15555555555555556
0 0.89921875 0.10416666666666667 0.0328125 0.13055555555555556
0 0.1125 0.37083333333333335 0.04375 0.175
