1 0.7609375 0.08194444444444444 0.025 0.06388888888888888
1 0.86953125 0.075 0.0234375 0.06666666666666667
1 0.7453125 0.5833333333333334 0.040625 0.16666666666666666
1 0.18515625 0.34305555555555556 0.0484375 0.10277777777777777
1 0.915625 0.17916666666666667 0.040625 0.10833333333333334
1 0.7265625 0.30972222222222223 0.040625 0.125
1 0.86953125 0.30972222222222223 0.0390625 0.11944444444444445
2 0.6078125 0.5069444444444444 0.18125 0.25833333333333336
2 0.0890625 0.9263888888888889 0.178125 0.13055555555555556
0 0.5515625 0.23472222222222222 0.04375 0.09722222222222222
0 0.740625 0.5194444444444445 0.053125 0.2388888888888889
0 0.6984375 0.5986111111111111 0.059375 0.3138888888888889
0 0.07109375 0.7638888888888888 0.0703125 0.16666666666666666
0 0.91328125 0.14027777777777778 0.0359375 0.1361111111111111
0 0.72734375 0.24722222222222223 0.0421875 0.12777777777777777
0 0.1828125 0.28194444444444444 0.046875 0.125
0 0.86796875 0.24583333333333332 0.0421875 0.13055555555555556
