1 0.48203125 0.5888888888888889 0.0921875 0.23333333333333334
1 0.534375 0.20694444444444443 0.015625 0.041666666666666664
1 0.36796875 0.5152777777777777 0.0328125 0.10277777777777777
1 0.95234375 0.3388888888888889 0.0703125 0.07777777777777778
1 0.5140625 0.35138888888888886 0.025 0.075
1 0.840625 0.4 0.0375 0.09444444444444444
1 0.5140625 0.5125 0.03125 0.11944444444444445
1 0.7625 0.3111111111111111 0.03125 0.09444444444444444
1 0.5359375 0.7513888888888889 0.0375 0.10833333333333334
2 0.71953125 0.1375 0.0296875 0.05277777777777778
2 0.54609375 0.14583333333333334 0.0296875 0.041666666666666664
2 0.67734375 0.1 0.0296875 0.044444444444444446
2 0.43203125 0.3 0.0546875 0.06666666666666667
2 0.7015625 0.21805555555555556 0.040625 0.09166666666666666
2 0.6578125 0.2777777777777778 0.05625 0.10555555555555556
0 0.334375 0.5180555555555556 0.03125 0.1361111111111111
0 0.7578125 0.2777777777777778 0.025 0.06666666666666667
0 0.490625 0.2125 0.015625 0.04722222222222222
0 0.534375 0.20694444444444443 0.015625 0.041666666666666664
0 0.83359375 0.34444444444444444 0.0265625 0.06111111111111111
0 0.43671875 0.37916666666666665 0.0234375 0.075
0 0.5140625 0.35138888888888886 0.025 0.075
0 0.5296875 0.6875 0.04375 0.1361111111111111
