3 0.7 0.3125 0.165625 0.325
1 0.5125 0.24027777777777778 0.021875 0.041666666666666664
1 0.515625 0.6180555555555556 0.0375 0.09722222222222222
1 0.53203125 0.4083333333333333 0.0265625 0.06111111111111111
2 0.72421875 0.14722222222222223 0.0390625 0.05
2 0.959375 0.6069444444444444 0.08125 0.2916666666666667
2 0.4390625 0.3 0.046875 0.07222222222222222
0 0.36015625 0.6152777777777778 0.0359375 0.13055555555555556
0 0.47109375 0.2777777777777778 0.0234375 0.05555555555555555
0 0.33125 0.5222222222222223 0.03125 0.12777777777777777
0 0.55 0.17916666666666667 0.0125 0.041666666666666664
0 0.528125 0.3819444444444444 0.025 0.06944444444444445
0 0.51015625 0.5625 0.0390625 0.09166666666666666
