1 0.953125 0.3388888888888889 0.075 0.07777777777777778
1 0.92578125 0.8791666666666667 0.0703125 0.21388888888888888
1 0.51015625 0.2847222222222222 0.0203125 0.058333333333333334
1 0.66875 0.2111111111111111 0.021875 0.05555555555555555
2 0.6765625 0.10138888888888889 0.0375 0.04722222222222222
2 0.50703125 0.5541666666666667 0.1078125 0.09722222222222222
2 0.3984375 0.3902777777777778 0.059375 0.08611111111111111
2 0.721875 0.1388888888888889 0.034375 0.05555555555555555
2 0.61015625 0.18194444444444444 0.0421875 0.058333333333333334
2 0.43828125 0.3 0.0453125 0.06666666666666667
2 0.5171875 0.6416666666666667 0.115625 0.16111111111111112
0 0.48828125 0.24027777777777778 0.0171875 0.05277777777777778
0 0.546875 0.16666666666666666 0.0125 0.03888888888888889
0 0.50703125 0.19722222222222222 0.0140625 0.044444444444444446
0 0.51015625 0.2847222222222222 0.0203125 0.058333333333333334
0 0.4640625 0.5138888888888888 0.034375 0.10555555555555556
0 0.4125 0.4861111111111111 0.01875 0.08888888888888889
0 0.91796875 0.7986111111111112 0.0640625 0.21388888888888888
