1 0.509375 0.21388888888888888 0.021875 0.05
1 0.52890625 0.4152777777777778 0.0265625 0.058333333333333334
1 0.87890625 0.8125 0.0734375 0.19166666666666668
1 0.74609375 0.2777777777777778 0.0234375 0.06666666666666667
0 0.84296875 0.41944444444444445 0.0296875 0.12222222222222222
0 0.28125 0.7597222222222222 0.046875 0.125
0 0.33203125 0.5194444444444445 0.0328125 0.12777777777777777
0 0.43828125 0.3416666666666667 0.0234375 0.06111111111111111
0 0.87109375 0.7222222222222222 0.0484375 0.15555555555555556
0 0.52578125 0.3875 0.0296875 0.09722222222222222
