1 0.7328125 0.10277777777777777 0.025 0.07222222222222222
1 0.20703125 0.3138888888888889 0.0453125 0.10555555555555556
1 0.0296875 0.4527777777777778 0.05 0.14444444444444443
1 0.61796875 0.8833333333333333 0.0671875 0.21666666666666667
1 0.15859375 0.3138888888888889 0.0484375 0.1
0 0.6375 0.24722222222222223 0.0375 0.15
0 0.93984375 0.5527777777777778 0.0515625 0.2388888888888889
0 0.50234375 0.13472222222222222 0.0328125 0.13055555555555556
0 0.15703125 0.26944444444444443 0.0421875 0.15
0 0.028125 0.41388888888888886 0.05 0.20555555555555555
0 0.31171875 0.14722222222222223 0.0328125 0.14444444444444443
0 0.20625 0.2722222222222222 0.04375 0.16111111111111112
0 0.61875 0.8166666666666667 0.071875 0.2611111111111111
