1 0.7015625 0.19583333333333333 0.015625 0.04722222222222222
1 0.5546875 0.5083333333333333 0.03125 0.1111111111111111
1 0.85703125 0.3416666666666667 0.0171875 0.05555555555555555
1 0.7609375 0.24166666666666667 0.021875 0.06111111111111111
1 0.49609375 0.4444444444444444 0.0234375 0.05555555555555555
1 0.95 0.725 0.0625 0.14444444444444443
2 0.6765625 0.09861111111111111 0.034375 0.04722222222222222
2 0.621875 0.17222222222222222 0.034375 0.05555555555555555
2 0.3984375 0.39166666666666666 0.0625 0.1
2 0.43046875 0.32083333333333336 0.0484375 0.08055555555555556
2 0.72109375 0.14027777777777778 0.0390625 0.058333333333333334
1 0.4140625 0.5805555555555556 0.0375 0.09444444444444444
0 0.52578125 0.9722222222222222 0.0578125 0.05555555555555555
0 0.85546875 0.31527777777777777 0.0171875 0.058333333333333334
0 0.33359375 0.5166666666666667 0.0296875 0.13333333333333333
0 0.6984375 0.18472222222222223 0.01875 0.06388888888888888
0 0.946875 0.65 0.05 0.16666666666666666
0 0.39453125 0.5486111111111112 0.0359375 0.11388888888888889
0 0.5015625 0.3486111111111111 0.025 0.058333333333333334
0 0.3546875 0.6930555555555555 0.0375 0.11944444444444445
0 0.553125 0.4888888888888889 0.034375 0.10555555555555556
0 0.4921875 0.7513888888888889 0.046875 0.1527777777777778
