1 0.9765625 0.6847222222222222 0.04375 0.14722222222222223
1 0.784375 0.4861111111111111 0.0375 0.1111111111111111
2 0.65546875 0.18611111111111112 0.0359375 0.1
2 0.68203125 0.09583333333333334 0.0296875 0.05277777777777778
2 0.4265625 0.32222222222222224 0.04375 0.08333333333333333
2 0.71953125 0.14027777777777778 0.0390625 0.058333333333333334
0 0.3125 0.5208333333333334 0.015625 0.08611111111111111
0 0.775 0.4222222222222222 0.025 0.07222222222222222
0 0.3359375 0.5208333333333334 0.03125 0.1361111111111111
0 0.4546875 0.3111111111111111 0.0125 0.06111111111111111
0 0.97265625 0.6166666666666667 0.0484375 0.16111111111111112
0 0.77890625 0.44583333333333336 0.0328125 0.11388888888888889
0 0.49375 0.3111111111111111 0.015625 0.06666666666666667
0 0.47109375 0.3138888888888889 0.0171875 0.07777777777777778
