1 0.3296875 0.9388888888888889 0.2 0.11666666666666667
1 0.24140625 0.24444444444444444 0.0890625 0.20555555555555555
1 0.66875 0.8805555555555555 0.175 0.2388888888888889
1 0.30859375 0.33611111111111114 0.0359375 0.08888888888888889
1 0.9015625 0.10694444444444444 0.034375 0.10833333333333334
1 0.72421875 0.12777777777777777 0.0390625 0.1
1 0.065625 0.4513888888888889 0.059375 0.13055555555555556
1 0.55390625 0.6555555555555556 0.0734375 0.17777777777777778
2 0.49375 0.1638888888888889 0.134375 0.15
0 0.7234375 0.10972222222222222 0.040625 0.10833333333333334
0 0.78046875 0.33611111111111114 0.0390625 0.18333333333333332
0 0.0125 0.2375 0.021875 0.14722222222222223
0 0.309375 0.2777777777777778 0.040625 0.15
0 0.06640625 0.41388888888888886 0.0515625 0.17222222222222222
0 0.14375 0.2125 0.028125 0.14722222222222223
0 0.5546875 0.5930555555555556 0.078125 0.24166666666666667
0 0.5859375 0.1375 0.034375 0.1527777777777778
