1 0.68046875 0.2652777777777778 0.0203125 0.05277777777777778
1 0.67734375 0.24583333333333332 0.0203125 0.06944444444444445
1 0.50703125 0.24027777777777778 0.0171875 0.04722222222222222
1 0.5203125 0.5180555555555556 0.025 0.06388888888888888
1 0.43515625 0.5736111111111111 0.0265625 0.06944444444444445
1 0.5515625 0.2375 0.01875 0.04722222222222222
1 0.728125 0.36944444444444446 0.034375 0.09444444444444444
2 0.63671875 0.14583333333333334 0.0265625 0.04722222222222222
2 0.396875 0.3888888888888889 0.065625 0.10555555555555556
2 0.74375 0.15138888888888888 0.04375 0.058333333333333334
2 0.49765625 0.8527777777777777 0.1328125 0.28888888888888886
2 0.43984375 0.3 0.0453125 0.06666666666666667
2 0.52578125 0.39166666666666666 0.0640625 0.1388888888888889
0 0.67734375 0.24583333333333332 0.0203125 0.06944444444444445
0 0.29609375 0.6569444444444444 0.0421875 0.1361111111111111
0 0.2578125 0.6652777777777777 0.03125 0.125
0 0.4296875 0.5180555555555556 0.0375 0.09722222222222222
0 0.93984375 0.9569444444444445 0.0671875 0.08611111111111111
