0 0.41015625 0.11666666666666667 0.0234375 0.06111111111111111
0 0.41015625 0.14444444444444443 0.0328125 0.11666666666666667
0 0.37265625 0.14027777777777778 0.0296875 0.11944444444444445
0 0.69765625 0.5291666666666667 0.0578125 0.24722222222222223
0 0.68671875 0.8819444444444444 0.0859375 0.21944444444444444
0 0.25625 0.18194444444444444 0.040625 0.14722222222222223
1 0.86328125 0.2 0.0640625 0.22777777777777777
1 0.7625 0.26944444444444443 0.075 0.23333333333333334
1 0.053125 0.41944444444444445 0.1 0.23333333333333334
2 0.66640625 0.20972222222222223 0.1265625 0.25277777777777777
