1 0.1015625 0.38333333333333336 0.034375 0.10555555555555556
1 0.321875 0.23055555555555557 0.040625 0.08333333333333333
1 0.52890625 0.4097222222222222 0.0453125 0.11388888888888889
1 0.6703125 0.1763888888888889 0.034375 0.10277777777777777
1 0.75625 0.13472222222222222 0.0375 0.09166666666666666
2 0.0859375 0.6027777777777777 0.171875 0.2833333333333333
1 0.2078125 0.27361111111111114 0.034375 0.09722222222222222
0 0.7578125 0.10694444444444444 0.025 0.058333333333333334
0 0.53125 0.3861111111111111 0.04375 0.12777777777777777
0 0.95390625 0.5138888888888888 0.0421875 0.2222222222222222
0 0.36015625 0.11805555555555555 0.0296875 0.10833333333333334
0 0.5296875 0.3111111111111111 0.04375 0.1
0 0.75859375 0.1125 0.0328125 0.10833333333333334
0 0.31875 0.17777777777777778 0.040625 0.12777777777777777
0 0.66953125 0.14027777777777778 0.0328125 0.13055555555555556
0 0.10078125 0.3416666666666667 0.0421875 0.17777777777777778
0 0.20625 0.21944444444444444 0.0375 0.13333333333333333
0 0.56015625 0.9152777777777777 0.0765625 0.16944444444444445
