1 0.2515625 0.7958333333333333 0.2375 0.3416666666666667
1 0.340625 0.18055555555555555 0.071875 0.17222222222222222
1 0.1625 0.6166666666666667 0.11875 0.2
1 0.84765625 0.20416666666666666 0.0390625 0.10833333333333334
0 0.3640625 0.4527777777777778 0.075 0.17222222222222222
0 0.3578125 0.4152777777777778 0.046875 0.1527777777777778
0 0.18125 0.5430555555555555 0.071875 0.18055555555555555
0 0.45078125 0.14583333333333334 0.0359375 0.13055555555555556
0 0.84765625 0.17222222222222222 0.0421875 0.1388888888888889
0 0.925 0.10555555555555556 0.03125 0.12222222222222222
