1 0.259375 0.8236111111111111 0.128125 0.19166666666666668
1 0.55234375 0.26666666666666666 0.0203125 0.05555555555555555
1 0.890625 0.8069444444444445 0.065625 0.20833333333333334
1 0.53359375 0.33194444444444443 0.0203125 0.04722222222222222
1 0.53125 0.31666666666666665 0.021875 0.05555555555555555
1 0.4140625 0.6486111111111111 0.040625 0.11944444444444445
1 0.490625 0.4097222222222222 0.025 0.06388888888888888
1 0.76640625 0.3736111111111111 0.0359375 0.09166666666666666
2 0.68203125 0.09722222222222222 0.0296875 0.05
2 0.7234375 0.14027777777777778 0.040625 0.05277777777777778
2 0.3984375 0.39166666666666666 0.0625 0.08333333333333333
2 0.428125 0.32222222222222224 0.046875 0.07777777777777778
0 0.53125 0.31666666666666665 0.021875 0.05555555555555555
0 0.76484375 0.3527777777777778 0.0359375 0.1
0 0.48828125 0.38472222222222224 0.0234375 0.06388888888888888
0 0.33359375 0.5194444444444445 0.0328125 0.1388888888888889
0 0.37890625 0.95 0.0578125 0.1
0 0.41171875 0.625 0.0421875 0.12222222222222222
