1 0.09765625 0.38472222222222224 0.1140625 0.24722222222222223
1 0.284375 0.25833333333333336 0.109375 0.21666666666666667
1 0.02734375 0.8 0.0515625 0.24444444444444444
1 0.70078125 0.14305555555555555 0.0390625 0.11388888888888889
1 0.38125 0.5888888888888889 0.046875 0.15555555555555556
0 0.89296875 0.175 0.0390625 0.13333333333333333
0 0.025 0.7569444444444444 0.05 0.24722222222222223
0 0.38046875 0.475 0.0578125 0.1111111111111111
0 0.3796875 0.5333333333333333 0.0625 0.21666666666666667
0 0.3890625 0.14166666666666666 0.0375 0.11666666666666667
0 0.70234375 0.10833333333333334 0.0359375 0.11666666666666667
0 0.02265625 0.24444444444444444 0.0296875 0.15555555555555556
