1 0.65 0.18194444444444444 0.01875 0.05277777777777778
1 0.521875 0.24722222222222223 0.01875 0.05
2 0.4265625 0.31666666666666665 0.034375 0.05555555555555555
2 0.4078125 0.3888888888888889 0.040625 0.08888888888888889
2 0.7203125 0.14027777777777778 0.034375 0.05277777777777778
0 0.521875 0.24722222222222223 0.01875 0.05
0 0.5328125 0.375 0.03125 0.08888888888888889
0 0.45703125 0.37777777777777777 0.0296875 0.10555555555555556
0 0.5046875 0.3472222222222222 0.021875 0.06666666666666667
0 0.38125 0.6569444444444444 0.040625 0.14722222222222223
