1 0.89609375 0.16944444444444445 0.0640625 0.2111111111111111
1 0.37578125 0.34305555555555556 0.0421875 0.09722222222222222
1 0.6078125 0.3472222222222222 0.046875 0.12777777777777777
2 0.8125 0.06944444444444445 0.05 0.05
1 0.234375 0.25277777777777777 0.065625 0.08888888888888889
0 0.61015625 0.24583333333333332 0.0390625 0.10277777777777777
0 0.60859375 0.3111111111111111 0.0421875 0.16111111111111112
0 0.22734375 0.2152777777777778 0.0328125 0.14166666666666666
0 0.053125 0.2875 0.0375 0.19722222222222222
0 0.375 0.28055555555555556 0.046875 0.15555555555555556
