1 0.5046875 0.5222222222222223 0.071875 0.18333333333333332
1 0.4703125 0.4111111111111111 0.025 0.06111111111111111
1 0.27734375 0.8069444444444445 0.1109375 0.18055555555555555
1 0.5359375 0.26666666666666666 0.021875 0.05
1 0.40078125 0.7125 0.0421875 0.09722222222222222
2 0.6765625 0.10138888888888889 0.028125 0.04722222222222222
2 0.7203125 0.1388888888888889 0.03125 0.05
2 0.46875 0.25 0.03125 0.05555555555555555
2 0.40625 0.4013888888888889 0.040625 0.09166666666666666
2 0.43984375 0.2986111111111111 0.0453125 0.06388888888888888
0 0.39765625 0.6527777777777778 0.0359375 0.1
