1 0.65703125 0.24444444444444444 0.0234375 0.05555555555555555
1 0.46953125 0.5486111111111112 0.0390625 0.09722222222222222
1 0.7453125 0.275 0.028125 0.06111111111111111
1 0.6625 0.27361111111111114 0.021875 0.058333333333333334
1 0.47421875 0.6833333333333333 0.0390625 0.1111111111111111
1 0.7 0.24166666666666667 0.03125 0.06111111111111111
2 0.43125 0.3055555555555556 0.0625 0.07222222222222222
2 0.7140625 0.16111111111111112 0.046875 0.07777777777777778
0 0.4296875 0.45416666666666666 0.03125 0.10277777777777777
0 0.46796875 0.5180555555555556 0.0390625 0.10277777777777777
0 0.47109375 0.6527777777777778 0.0390625 0.1111111111111111
