1 0.8421875 0.20694444444444443 0.040625 0.13055555555555556
1 0.8140625 0.09583333333333334 0.0375 0.09166666666666666
1 0.87265625 0.3111111111111111 0.0390625 0.14444444444444443
1 0.7953125 0.3125 0.0375 0.11944444444444445
1 0.46328125 0.6527777777777778 0.0671875 0.18888888888888888
1 0.61796875 0.28055555555555556 0.0390625 0.11666666666666667
1 0.7046875 0.675 0.071875 0.2
0 0.7953125 0.2763888888888889 0.0375 0.1361111111111111
0 0.37734375 0.1375 0.0359375 0.10833333333333334
0 0.93671875 0.1736111111111111 0.0390625 0.11388888888888889
0 0.771875 0.17222222222222222 0.040625 0.11666666666666667
0 0.84296875 0.17777777777777778 0.0390625 0.15
0 0.8734375 0.2777777777777778 0.04375 0.1388888888888889
0 0.61953125 0.2375 0.0390625 0.1638888888888889
0 0.7046875 0.6083333333333333 0.071875 0.21666666666666667
0 0.46484375 0.5861111111111111 0.0671875 0.24444444444444444
