1 0.63125 0.17916666666666667 0.021875 0.04722222222222222
1 0.68515625 0.19444444444444445 0.0390625 0.05
1 0.50546875 0.34444444444444444 0.0203125 0.05555555555555555
2 0.6859375 0.18333333333333332 0.04375 0.06666666666666667
2 0.7203125 0.1388888888888889 0.03125 0.05555555555555555
2 0.3984375 0.3902777777777778 0.0625 0.09722222222222222
2 0.5109375 0.5125 0.08125 0.19722222222222222
0 0.81328125 0.275 0.0171875 0.06666666666666667
0 0.503125 0.32222222222222224 0.021875 0.044444444444444446
0 0.40546875 0.4791666666666667 0.0203125 0.08055555555555556
0 0.33203125 0.7402777777777778 0.0609375 0.225
0 0.4453125 0.7611111111111111 0.04375 0.12222222222222222
