1 0.665625 0.5180555555555556 0.065625 0.175
1 0.3359375 0.7513888888888889 0.08125 0.20833333333333334
2 0.95703125 0.6111111111111112 0.0828125 0.25
2 0.303125 0.25277777777777777 0.15625 0.17777777777777778
0 0.04921875 0.24722222222222223 0.0265625 0.12222222222222222
0 0.66796875 0.4736111111111111 0.0640625 0.21388888888888888
0 0.88671875 0.1361111111111111 0.0265625 0.1388888888888889
0 0.3375 0.6597222222222222 0.090625 0.25277777777777777
0 0.95078125 0.2013888888888889 0.0296875 0.1361111111111111
0 0.75546875 0.5333333333333333 0.0546875 0.25555555555555554
0 0.43828125 0.9305555555555556 0.0859375 0.1388888888888889
