1 0.13125 0.33055555555555555 0.11875 0.23333333333333334
1 0.6640625 0.33611111111111114 0.109375 0.25555555555555554
3 0.3 0.20416666666666666 0.103125 0.19722222222222222
1 0.89375 0.1375 0.021875 0.075
1 0.44765625 0.55 0.0453125 0.1388888888888889
1 0.78203125 0.2111111111111111 0.0390625 0.12222222222222222
1 0.72421875 0.1125 0.0390625 0.09722222222222222
0 0.89453125 0.075 0.0234375 0.06666666666666667
0 0.78203125 0.17222222222222222 0.0390625 0.10555555555555556
0 0.44765625 0.475 0.0671875 0.18888888888888888
0 0.83125 0.6527777777777778 0.046875 0.25555555555555554
0 0.89296875 0.10277777777777777 0.0296875 0.11666666666666667
0 0.81171875 0.5097222222222222 0.0421875 0.13055555555555556
0 0.796875 0.675 0.05625 0.2111111111111111
