1 0.9 0.30833333333333335 0.03125 0.05
1 0.503125 0.8958333333333334 0.071875 0.13055555555555556
1 0.27734375 0.8041666666666667 0.1078125 0.175
1 0.85625 0.37083333333333335 0.025 0.058333333333333334
1 0.85390625 0.34305555555555556 0.0328125 0.09166666666666666
1 0.54375 0.2777777777777778 0.021875 0.05
1 0.740625 0.33611111111111114 0.0625 0.11666666666666667
1 0.678125 0.3486111111111111 0.025 0.06944444444444445
1 0.50625 0.4152777777777778 0.025 0.06944444444444445
1 0.64765625 0.21388888888888888 0.0203125 0.05555555555555555
1 0.4515625 0.4444444444444444 0.021875 0.05555555555555555
2 0.54375 0.2777777777777778 0.021875 0.05
2 0.39609375 0.40694444444444444 0.0640625 0.10277777777777777
2 0.721875 0.14027777777777778 0.03125 0.05277777777777778
2 0.43671875 0.3 0.0453125 0.07222222222222222
2 0.52421875 0.35 0.0578125 0.07777777777777778
0 0.5046875 0.8291666666666667 0.06875 0.18611111111111112
0 0.64765625 0.21388888888888888 0.0203125 0.05555555555555555
0 0.67578125 0.31527777777777777 0.0265625 0.05277777777777778
0 0.85078125 0.3138888888888889 0.0265625 0.05555555555555555
0 0.4484375 0.4166666666666667 0.025 0.07222222222222222
0 0.98828125 0.5472222222222223 0.0203125 0.2
