1 0.8296875 0.20555555555555555 0.08125 0.23333333333333334
1 0.58828125 0.4486111111111111 0.0640625 0.14166666666666666
1 0.53515625 0.38055555555555554 0.0453125 0.13333333333333333
1 0.67421875 0.2125 0.0421875 0.11388888888888889
0 0.59140625 0.31805555555555554 0.0390625 0.09722222222222222
0 0.57109375 0.20694444444444443 0.0296875 0.13055555555555556
0 0.53359375 0.2847222222222222 0.0453125 0.08611111111111111
0 0.9578125 0.4527777777777778 0.04375 0.20555555555555555
0 0.88203125 0.4013888888888889 0.0421875 0.20833333333333334
0 0.925 0.21805555555555556 0.040625 0.21388888888888888
