1 0.371875 0.8902777777777777 0.040625 0.11944444444444445
1 0.52265625 0.3875 0.0328125 0.09166666666666666
1 0.55390625 0.3013888888888889 0.0265625 0.06388888888888888
1 0.2578125 0.8263888888888888 0.11875 0.18611111111111112
1 0.46328125 0.5083333333333333 0.0328125 0.10555555555555556
1 0.6625 0.16666666666666666 0.021875 0.05555555555555555
1 0.725 0.3138888888888889 0.03125 0.07222222222222222
1 0.525 0.4083333333333333 0.021875 0.06111111111111111
1 0.75703125 0.5527777777777778 0.0421875 0.1388888888888889
2 0.68203125 0.09583333333333334 0.0296875 0.05277777777777778
2 0.7234375 0.14027777777777778 0.040625 0.04722222222222222
2 0.428125 0.32083333333333336 0.046875 0.075
2 0.39921875 0.3902777777777778 0.0609375 0.08055555555555556
0 0.30234375 0.5194444444444445 0.0203125 0.07777777777777778
0 0.5234375 0.38333333333333336 0.025 0.06666666666666667
0 0.72265625 0.2763888888888889 0.0234375 0.04722222222222222
0 0.35859375 0.8291666666666667 0.0421875 0.14166666666666666
0 0.33359375 0.5222222222222223 0.0296875 0.13333333333333333
0 0.46328125 0.4930555555555556 0.0328125 0.10277777777777777
0 0.75390625 0.5180555555555556 0.0421875 0.13055555555555556
