1 0.78984375 0.37083333333333335 0.0796875 0.18055555555555555
1 0.3765625 0.5069444444444444 0.0375 0.10277777777777777
1 0.4046875 0.475 0.0375 0.09444444444444444
1 0.9359375 0.9319444444444445 0.078125 0.1361111111111111
1 0.725 0.2652777777777778 0.021875 0.041666666666666664
1 0.6328125 0.2652777777777778 0.021875 0.058333333333333334
1 0.45546875 0.3736111111111111 0.0234375 0.05277777777777778
1 0.53359375 0.24583333333333332 0.0203125 0.04722222222222222
1 0.47578125 0.4736111111111111 0.0265625 0.06388888888888888
1 0.5453125 0.4513888888888889 0.028125 0.06388888888888888
1 0.6796875 0.3111111111111111 0.025 0.06111111111111111
0 0.9375 0.8736111111111111 0.08125 0.225
0 0.37578125 0.4875 0.0328125 0.11944444444444445
0 0.4765625 0.4486111111111111 0.03125 0.09722222222222222
0 0.67578125 0.2833333333333333 0.0265625 0.05
0 0.54375 0.4236111111111111 0.03125 0.09722222222222222
