1 0.27890625 0.275 0.1109375 0.2
1 0.88984375 0.07083333333333333 0.0203125 0.05277777777777778
1 0.37265625 0.13333333333333333 0.0359375 0.09444444444444444
1 0.59140625 0.31666666666666665 0.0421875 0.1388888888888889
1 0.85859375 0.3819444444444444 0.0671875 0.11944444444444445
1 0.528125 0.44166666666666665 0.06875 0.13333333333333333
1 0.7140625 0.5083333333333333 0.04375 0.15
1 0.8046875 0.2791666666666667 0.040625 0.125
0 0.60390625 0.2763888888888889 0.0453125 0.1527777777777778
0 0.146875 0.6277777777777778 0.08125 0.18888888888888888
0 0.98984375 0.16527777777777777 0.0203125 0.14722222222222223
0 0.5265625 0.375 0.05 0.18333333333333332
0 0.7140625 0.45555555555555555 0.059375 0.20555555555555555
0 0.80390625 0.24305555555555555 0.0390625 0.1527777777777778
0 0.85234375 0.3388888888888889 0.0421875 0.17777777777777778
