1 0.8046875 0.35138888888888886 0.075 0.18055555555555555
1 0.60390625 0.20555555555555555 0.0234375 0.03888888888888889
1 0.4515625 0.3402777777777778 0.015625 0.04722222222222222
1 0.73359375 0.2125 0.0203125 0.06388888888888888
1 0.50234375 0.3125 0.0203125 0.05277777777777778
1 0.8359375 0.5763888888888888 0.040625 0.10277777777777777
1 0.68359375 0.20277777777777778 0.0234375 0.044444444444444446
2 0.721875 0.1388888888888889 0.034375 0.05
2 0.39765625 0.40694444444444444 0.0640625 0.10277777777777777
2 0.4359375 0.30833333333333335 0.04375 0.05555555555555555
0 0.82109375 0.4847222222222222 0.0296875 0.05277777777777778
0 0.11015625 0.6944444444444444 0.0390625 0.08333333333333333
0 0.8296875 0.5166666666666667 0.0375 0.1
0 0.32421875 0.6875 0.0390625 0.14166666666666666
0 0.67890625 0.18333333333333332 0.0203125 0.044444444444444446
0 0.33359375 0.5180555555555556 0.0328125 0.1361111111111111
