1 0.646875 0.20833333333333334 0.021875 0.05
1 0.51015625 0.2791666666666667 0.0203125 0.05277777777777778
1 0.475 0.5527777777777778 0.028125 0.06666666666666667
2 0.8 0.2388888888888889 0.034375 0.044444444444444446
2 0.72109375 0.14027777777777778 0.0328125 0.05277777777777778
2 0.41015625 0.4013888888888889 0.0453125 0.08055555555555556
2 0.5203125 0.3902777777777778 0.059375 0.14722222222222223
0 0.6390625 0.18194444444444444 0.01875 0.041666666666666664
0 0.334375 0.5166666666666667 0.034375 0.13333333333333333
0 0.51015625 0.2791666666666667 0.0203125 0.05277777777777778
0 0.39453125 0.4930555555555556 0.0328125 0.09722222222222222
0 0.325 0.8097222222222222 0.071875 0.225
0 0.41171875 0.6958333333333333 0.0484375 0.125
0 0.4734375 0.5166666666666667 0.03125 0.10555555555555556
