1 0.97578125 0.8236111111111111 0.0484375 0.30277777777777776
1 0.9515625 0.3388888888888889 0.071875 0.07777777777777778
1 0.7984375 0.2361111111111111 0.03125 0.044444444444444446
1 0.6609375 0.175 0.015625 0.044444444444444446
1 0.734375 0.24027777777777778 0.01875 0.05277777777777778
1 0.8609375 0.725 0.065625 0.17777777777777778
1 0.5328125 0.24583333333333332 0.025 0.04722222222222222
1 0.48515625 0.41388888888888886 0.0234375 0.06666666666666667
1 0.93203125 0.6125 0.0484375 0.1361111111111111
1 0.82265625 0.2777777777777778 0.0234375 0.05555555555555555
2 0.67734375 0.10138888888888889 0.0328125 0.04722222222222222
2 0.721875 0.14305555555555555 0.03125 0.04722222222222222
2 0.43828125 0.3 0.0453125 0.06666666666666667
0 0.409375 0.4111111111111111 0.0375 0.1
0 0.6609375 0.175 0.015625 0.044444444444444446
0 0.6875 0.16805555555555557 0.0125 0.05277777777777778
0 0.48359375 0.3888888888888889 0.0234375 0.07222222222222222
0 0.3671875 0.5805555555555556 0.0375 0.11666666666666667
0 0.859375 0.675 0.0625 0.2111111111111111
0 0.9296875 0.55 0.046875 0.16111111111111112
