1 0.70859375 0.24444444444444444 0.0421875 0.11666666666666667
2 0.55 0.10833333333333334 0.115625 0.11666666666666667
2 0.77109375 0.08194444444444444 0.0828125 0.08611111111111111
1 0.296875 0.9527777777777777 0.075 0.09444444444444444
1 0.871875 0.26944444444444443 0.028125 0.1111111111111111
0 0.71328125 0.18055555555555555 0.0390625 0.09444444444444444
0 0.95234375 0.2152777777777778 0.0328125 0.1638888888888889
0 0.87265625 0.21805555555555556 0.0359375 0.1638888888888889
0 0.62421875 0.7333333333333333 0.0578125 0.3277777777777778
0 0.29921875 0.8819444444444444 0.0859375 0.20277777777777778
