1 0.3515625 0.19444444444444445 0.10625 0.2
1 0.28359375 0.35833333333333334 0.2078125 0.29444444444444445
1 0.76484375 0.08333333333333333 0.0265625 0.06666666666666667
1 0.68359375 0.23194444444444445 0.0390625 0.10277777777777777
1 0.36953125 0.5430555555555555 0.0671875 0.13055555555555556
2 0.26328125 0.35555555555555557 0.1796875 0.25555555555555554
2 0.8375 0.11944444444444445 0.090625 0.1388888888888889
0 0.3734375 0.41944444444444445 0.046875 0.1111111111111111
0 0.36875 0.4847222222222222 0.065625 0.18611111111111112
0 0.6828125 0.17777777777777778 0.0375 0.11666666666666667
0 0.9171875 0.24166666666666667 0.034375 0.17222222222222222
