1 0.8296875 0.36944444444444446 0.046875 0.12222222222222222
1 0.13515625 0.7638888888888888 0.1109375 0.17777777777777778
1 0.365625 0.5402777777777777 0.075 0.18611111111111112
2 0.809375 0.07083333333333333 0.065625 0.075
2 0.55078125 0.5236111111111111 0.2359375 0.375
1 0.4484375 0.42083333333333334 0.078125 0.13055555555555556
0 0.83359375 0.1763888888888889 0.0359375 0.125
0 0.91640625 0.7319444444444444 0.0640625 0.19722222222222222
0 0.140625 0.6416666666666667 0.075 0.14444444444444443
0 0.44921875 0.3527777777777778 0.0484375 0.16666666666666666
0 0.64375 0.9611111111111111 0.065625 0.07777777777777778
0 0.18515625 0.875 0.1109375 0.18888888888888888
0 0.36484375 0.475 0.0703125 0.19444444444444445
