1 0.5328125 0.24583333333333332 0.01875 0.04722222222222222
1 0.51640625 0.5833333333333334 0.0359375 0.09444444444444444
1 0.7265625 0.24166666666666667 0.021875 0.06666666666666667
1 0.7640625 0.5458333333333333 0.04375 0.10833333333333334
2 0.5046875 0.24027777777777778 0.025 0.04722222222222222
2 0.46796875 0.2513888888888889 0.0328125 0.05277777777777778
0 0.5328125 0.24583333333333332 0.01875 0.04722222222222222
0 0.43828125 0.3402777777777778 0.0234375 0.06944444444444445
0 0.95234375 0.44305555555555554 0.0328125 0.13055555555555556
0 0.75859375 0.4791666666666667 0.0390625 0.11388888888888889
0 0.51328125 0.55 0.0359375 0.1
