1 0.9515625 0.3375 0.075 0.08055555555555556
1 0.52265625 0.2 0.0265625 0.044444444444444446
1 0.79296875 0.34444444444444444 0.0234375 0.07222222222222222
1 0.82265625 0.2763888888888889 0.0234375 0.058333333333333334
2 0.52265625 0.2 0.0265625 0.044444444444444446
2 0.46953125 0.26666666666666666 0.0296875 0.044444444444444446
2 0.396875 0.4041666666666667 0.065625 0.10277777777777777
2 0.43984375 0.3 0.0453125 0.07222222222222222
0 0.54765625 0.14305555555555555 0.0109375 0.030555555555555555
0 0.259375 0.8833333333333333 0.06875 0.2
0 0.79140625 0.31666666666666665 0.0265625 0.1111111111111111
0 0.40078125 0.5444444444444444 0.0296875 0.11666666666666667
0 0.32890625 0.5861111111111111 0.0359375 0.12222222222222222
