1 0.68046875 0.2652777777777778 0.0171875 0.04722222222222222
1 0.9515625 0.33611111111111114 0.075 0.07777777777777778
1 0.703125 0.1986111111111111 0.01875 0.04722222222222222
1 0.53203125 0.34305555555555556 0.0234375 0.06388888888888888
1 0.678125 0.24444444444444444 0.021875 0.06111111111111111
1 0.70703125 0.4166666666666667 0.0328125 0.09444444444444444
2 0.3953125 0.38472222222222224 0.065625 0.125
2 0.74296875 0.15 0.0359375 0.05
2 0.72265625 0.14305555555555555 0.0265625 0.04722222222222222
2 0.6765625 0.11388888888888889 0.03125 0.044444444444444446
2 0.43984375 0.2986111111111111 0.0453125 0.075
0 0.50703125 0.2111111111111111 0.0140625 0.044444444444444446
0 0.49296875 0.5527777777777778 0.0390625 0.08888888888888889
0 0.53203125 0.34305555555555556 0.0234375 0.06388888888888888
0 0.36953125 0.4888888888888889 0.0296875 0.10555555555555556
0 0.35546875 0.6111111111111112 0.0296875 0.11666666666666667
0 0.2921875 0.8472222222222222 0.040625 0.16111111111111112
0 0.678125 0.24444444444444444 0.021875 0.06111111111111111
0 0.7046875 0.38472222222222224 0.034375 0.09722222222222222
