1 0.44140625 0.7291666666666666 0.1984375 0.3472222222222222
1 0.696875 0.7805555555555556 0.15 0.4388888888888889
1 0.7640625 0.26944444444444443 0.078125 0.24444444444444444
1 0.63984375 0.24027777777777778 0.0390625 0.125
1 0.25 0.7527777777777778 0.078125 0.18888888888888888
0 0.64140625 0.2125 0.0328125 0.14722222222222223
0 0.14921875 0.8944444444444445 0.0796875 0.17777777777777778
0 0.2515625 0.6638888888888889 0.084375 0.2222222222222222
0 0.51015625 0.8791666666666667 0.0921875 0.225
0 0.24140625 0.2388888888888889 0.0453125 0.15555555555555556
