1 0.721875 0.26944444444444443 0.09375 0.23333333333333334
1 0.16015625 0.48055555555555557 0.0453125 0.09444444444444444
1 0.6203125 0.8611111111111112 0.078125 0.25
2 0.740625 0.10555555555555556 0.084375 0.11666666666666667
2 0.6375 0.23194444444444445 0.1 0.19166666666666668
0 0.1578125 0.4152777777777778 0.05 0.14166666666666666
0 0.021875 0.24583333333333332 0.0375 0.15833333333333333
0 0.14765625 0.38472222222222224 0.0453125 0.125
0 0.309375 0.175 0.0375 0.1388888888888889
0 0.6203125 0.7583333333333333 0.078125 0.20555555555555555
0 0.88671875 0.27361111111111114 0.0359375 0.18055555555555555
