1 0.9515625 0.3388888888888889 0.075 0.07777777777777778
1 0.484375 0.5208333333333334 0.025 0.06944444444444445
1 0.5328125 0.26805555555555555 0.021875 0.058333333333333334
1 0.77578125 0.3013888888888889 0.0359375 0.09166666666666666
2 0.46640625 0.26944444444444443 0.0265625 0.044444444444444446
2 0.40703125 0.3875 0.0453125 0.08611111111111111
2 0.71640625 0.1388888888888889 0.0296875 0.05
2 0.6765625 0.1 0.03125 0.044444444444444446
2 0.5015625 0.35138888888888886 0.04375 0.10277777777777777
2 0.43828125 0.3 0.0453125 0.06666666666666667
0 0.53046875 0.24861111111111112 0.0203125 0.058333333333333334
0 0.775 0.28888888888888886 0.034375 0.1
0 0.4828125 0.4875 0.03125 0.11388888888888889
