1 0.290625 0.9263888888888889 0.134375 0.14166666666666666
1 0.63828125 0.20416666666666666 0.0171875 0.04722222222222222
1 0.41328125 0.6513888888888889 0.0859375 0.19722222222222222
1 0.5109375 0.7875 0.0625 0.10277777777777777
1 0.81328125 0.2791666666666667 0.0265625 0.06944444444444445
1 0.55390625 0.6819444444444445 0.0421875 0.09166666666666666
1 0.703125 0.2388888888888889 0.021875 0.05555555555555555
1 0.68671875 0.30972222222222223 0.0234375 0.06388888888888888
2 0.4265625 0.32083333333333336 0.04375 0.075
0 0.4640625 0.3861111111111111 0.034375 0.10555555555555556
0 0.6859375 0.28194444444444444 0.021875 0.058333333333333334
0 0.50625 0.24027777777777778 0.015625 0.04722222222222222
0 0.73828125 0.18472222222222223 0.0171875 0.05277777777777778
0 0.50234375 0.7277777777777777 0.0546875 0.14444444444444443
0 0.334375 0.5222222222222223 0.03125 0.12777777777777777
0 0.546875 0.6166666666666667 0.046875 0.12222222222222222
