1 0.540625 0.24722222222222223 0.01875 0.05
1 0.7625 0.3111111111111111 0.028125 0.06666666666666667
1 0.9515625 0.33611111111111114 0.075 0.07777777777777778
1 0.76484375 0.33611111111111114 0.0296875 0.06666666666666667
1 0.66796875 0.2111111111111111 0.0203125 0.05
2 0.4875 0.24722222222222223 0.034375 0.05555555555555555
2 0.6046875 0.11527777777777778 0.03125 0.04722222222222222
2 0.67578125 0.11388888888888889 0.0296875 0.044444444444444446
2 0.4390625 0.3013888888888889 0.04375 0.06944444444444445
0 0.534375 0.17777777777777778 0.0125 0.03888888888888889
0 0.759375 0.28194444444444444 0.021875 0.04722222222222222
0 0.66796875 0.2111111111111111 0.0203125 0.05
