1 0.64296875 0.23194444444444445 0.0171875 0.041666666666666664
1 0.50625 0.2763888888888889 0.03125 0.058333333333333334
1 0.95234375 0.3388888888888889 0.0765625 0.08333333333333333
1 0.8015625 0.23472222222222222 0.034375 0.04722222222222222
1 0.64140625 0.21388888888888888 0.0203125 0.05555555555555555
1 0.62265625 0.20833333333333334 0.0171875 0.044444444444444446
1 0.5703125 0.5861111111111111 0.040625 0.1
1 0.54609375 0.24166666666666667 0.0203125 0.05
1 0.72578125 0.2763888888888889 0.0265625 0.06388888888888888
2 0.4046875 0.8263888888888888 0.125 0.26944444444444443
2 0.43515625 0.3013888888888889 0.0421875 0.075
2 0.50703125 0.5763888888888888 0.0671875 0.19166666666666668
2 0.71328125 0.16527777777777777 0.0484375 0.06944444444444445
1 0.92109375 0.5055555555555555 0.0328125 0.10555555555555556
0 0.72265625 0.24722222222222223 0.0203125 0.05
0 0.40625 0.6152777777777778 0.034375 0.125
0 0.296875 0.9236111111111112 0.05 0.1527777777777778
0 0.64140625 0.21388888888888888 0.0203125 0.05555555555555555
0 0.825 0.2861111111111111 0.021875 0.08888888888888889
0 0.49609375 0.9166666666666666 0.0640625 0.15
0 0.5671875 0.5472222222222223 0.040625 0.11666666666666667
0 0.91484375 0.45 0.0296875 0.14444444444444443
