1 0.74140625 0.17083333333333334 0.0234375 0.03611111111111111
1 0.8171875 0.2763888888888889 0.021875 0.05277777777777778
1 0.54375 0.1763888888888889 0.01875 0.03611111111111111
1 0.6484375 0.2111111111111111 0.01875 0.05
2 0.68203125 0.10277777777777777 0.0265625 0.044444444444444446
2 0.43046875 0.31805555555555554 0.0546875 0.08055555555555556
2 0.72109375 0.14027777777777778 0.0328125 0.04722222222222222
0 0.815625 0.24861111111111112 0.025 0.058333333333333334
0 0.5046875 0.24305555555555555 0.01875 0.05277777777777778
0 0.84296875 0.3055555555555556 0.0203125 0.07777777777777778
0 0.375 0.4875 0.03125 0.11944444444444445
0 0.49296875 0.24583333333333332 0.0203125 0.058333333333333334
0 0.334375 0.5222222222222223 0.034375 0.14444444444444443
0 0.45625 0.4375 0.028125 0.10277777777777777
