1 0.87890625 0.07916666666666666 0.0296875 0.06388888888888888
1 0.796875 0.475 0.04375 0.12777777777777777
1 0.64609375 0.37916666666666665 0.0484375 0.14166666666666666
2 0.5125 0.07777777777777778 0.109375 0.1111111111111111
2 0.14609375 0.44166666666666665 0.1859375 0.2111111111111111
2 0.0296875 0.5569444444444445 0.059375 0.25277777777777777
2 0.328125 0.23333333333333334 0.15 0.18333333333333332
0 0.6453125 0.2861111111111111 0.04375 0.08333333333333333
0 0.64609375 0.3486111111111111 0.0484375 0.1638888888888889
0 0.9640625 0.3763888888888889 0.04375 0.18611111111111112
0 0.44921875 0.21666666666666667 0.0296875 0.14444444444444443
0 0.9390625 0.28194444444444444 0.034375 0.14166666666666666
0 0.7921875 0.38472222222222224 0.053125 0.15833333333333333
0 0.91015625 0.27361111111111114 0.0359375 0.21388888888888888
