1 0.50390625 0.6791666666666667 0.0984375 0.25277777777777777
1 0.43359375 0.5791666666666667 0.0265625 0.06944444444444445
1 0.43359375 0.55 0.0328125 0.10555555555555556
1 0.56328125 0.5472222222222223 0.0328125 0.10555555555555556
1 0.5328125 0.3013888888888889 0.021875 0.05277777777777778
2 0.54140625 0.18333333333333332 0.0234375 0.05555555555555555
2 0.67734375 0.10277777777777777 0.0265625 0.044444444444444446
2 0.7203125 0.1388888888888889 0.03125 0.05
2 0.2796875 0.8083333333333333 0.1125 0.17222222222222222
2 0.40703125 0.40555555555555556 0.0453125 0.1
2 0.46875 0.25 0.034375 0.06111111111111111
2 0.43828125 0.3 0.0453125 0.07222222222222222
0 0.3375 0.9180555555555555 0.040625 0.1361111111111111
0 0.53125 0.2861111111111111 0.021875 0.05555555555555555
