1 0.48828125 0.8791666666666667 0.0796875 0.21944444444444444
1 0.659375 0.3138888888888889 0.046875 0.12777777777777777
1 0.546875 0.13472222222222222 0.040625 0.09722222222222222
1 0.73203125 0.1375 0.0390625 0.10277777777777777
0 0.64765625 0.20555555555555555 0.0453125 0.12222222222222222
0 0.9578125 0.4861111111111111 0.04375 0.21666666666666667
0 0.54609375 0.11388888888888889 0.0390625 0.1111111111111111
0 0.30234375 0.1361111111111111 0.0328125 0.10555555555555556
0 0.5171875 0.8125 0.0625 0.25833333333333336
0 0.9265625 0.23472222222222222 0.040625 0.19166666666666668
0 0.4890625 0.8208333333333333 0.084375 0.25833333333333336
0 0.60078125 0.20555555555555555 0.0296875 0.15
0 0.87734375 0.4222222222222222 0.0453125 0.21666666666666667
