1 0.73515625 0.18194444444444444 0.0296875 0.05277777777777778
1 0.6875 0.20277777777777778 0.03125 0.07222222222222222
1 0.5296875 0.24444444444444444 0.01875 0.05
1 0.51484375 0.2847222222222222 0.0234375 0.05277777777777778
1 0.91484375 0.6486111111111111 0.0484375 0.14166666666666666
2 0.39765625 0.3902777777777778 0.0609375 0.08055555555555556
2 0.72265625 0.14166666666666666 0.0390625 0.05
0 0.3359375 0.5194444444444445 0.034375 0.1388888888888889
0 0.91015625 0.5847222222222223 0.0515625 0.16944444444444445
0 0.434375 0.5611111111111111 0.034375 0.12222222222222222
