1 0.52734375 0.15 0.0640625 0.09444444444444444
1 0.6828125 0.1361111111111111 0.015625 0.05
1 0.50859375 0.37777777777777777 0.0328125 0.05
1 0.5046875 0.3486111111111111 0.040625 0.09166666666666666
1 0.53203125 0.44722222222222224 0.0265625 0.06666666666666667
2 0.39765625 0.40555555555555556 0.0640625 0.1
2 0.4296875 0.32222222222222224 0.046875 0.07777777777777778
2 0.71953125 0.1388888888888889 0.0328125 0.05555555555555555
0 0.3328125 0.8583333333333333 0.053125 0.16666666666666666
0 0.83828125 0.26805555555555555 0.0265625 0.075
0 0.6828125 0.1361111111111111 0.015625 0.05
