1 0.6078125 0.2013888888888889 0.028125 0.03611111111111111
1 0.659375 0.1375 0.009375 0.03611111111111111
1 0.9515625 0.3388888888888889 0.071875 0.07777777777777778
1 0.79921875 0.2361111111111111 0.0328125 0.044444444444444446
1 0.9390625 0.5152777777777777 0.0625 0.11388888888888889
1 0.7328125 0.24166666666666667 0.01875 0.06666666666666667
1 0.55 0.20277777777777778 0.015625 0.03888888888888889
1 0.82265625 0.2777777777777778 0.0234375 0.05555555555555555
2 0.67890625 0.09861111111111111 0.0296875 0.041666666666666664
2 0.39453125 0.4097222222222222 0.0671875 0.10833333333333334
2 0.7203125 0.14444444444444443 0.034375 0.05
2 0.4390625 0.2986111111111111 0.04375 0.06944444444444445
1 0.3234375 0.95 0.034375 0.1
0 0.659375 0.1375 0.009375 0.03611111111111111
0 0.934375 0.4486111111111111 0.040625 0.10833333333333334
0 0.29609375 0.6805555555555556 0.0421875 0.14444444444444443
0 0.31875 0.8888888888888888 0.0625 0.19444444444444445
