1 0.95078125 0.3375 0.0703125 0.08055555555555556
1 0.4765625 0.30972222222222223 0.021875 0.058333333333333334
1 0.73125 0.31805555555555554 0.034375 0.09722222222222222
1 0.46796875 0.5458333333333333 0.0359375 0.09722222222222222
1 0.2765625 0.7986111111111112 0.1125 0.19166666666666668
1 0.53125 0.38055555555555554 0.028125 0.06111111111111111
2 0.67734375 0.10138888888888889 0.0296875 0.041666666666666664
2 0.43203125 0.3013888888888889 0.0609375 0.075
2 0.41875 0.8027777777777778 0.1125 0.2611111111111111
2 0.7140625 0.16527777777777777 0.046875 0.06944444444444445
0 0.909375 0.4027777777777778 0.01875 0.05555555555555555
0 0.4765625 0.30972222222222223 0.021875 0.058333333333333334
0 0.52734375 0.35 0.0265625 0.06111111111111111
0 0.53515625 0.24444444444444444 0.0203125 0.05555555555555555
0 0.55234375 0.34305555555555556 0.0234375 0.06944444444444445
0 0.465625 0.5222222222222223 0.034375 0.1
