1 0.5296875 0.2791666666666667 0.021875 0.058333333333333334
1 0.50546875 0.275 0.0203125 0.05555555555555555
1 0.95234375 0.3388888888888889 0.0703125 0.07777777777777778
1 0.84765625 0.45416666666666666 0.0359375 0.14166666666666666
2 0.52265625 0.4027777777777778 0.0578125 0.1388888888888889
2 0.471875 0.2652777777777778 0.034375 0.05277777777777778
2 0.40703125 0.3861111111111111 0.0453125 0.09444444444444444
2 0.7171875 0.14027777777777778 0.03125 0.05277777777777778
2 0.6765625 0.1 0.034375 0.044444444444444446
2 0.43828125 0.3 0.0484375 0.06666666666666667
2 0.68046875 0.25555555555555554 0.0578125 0.1111111111111111
0 0.5296875 0.2791666666666667 0.021875 0.058333333333333334
0 0.50546875 0.275 0.0203125 0.05555555555555555
