3 0.36875 0.26805555555555555 0.1 0.21388888888888888
1 0.87421875 0.24444444444444444 0.0453125 0.1111111111111111
1 0.4671875 0.5069444444444444 0.046875 0.1361111111111111
1 0.265625 0.3402777777777778 0.040625 0.09722222222222222
1 0.18046875 0.7791666666666667 0.0796875 0.19722222222222222
0 0.4640625 0.45 0.053125 0.2222222222222222
0 0.8734375 0.2111111111111111 0.0375 0.13333333333333333
0 0.46328125 0.38055555555555554 0.0453125 0.11666666666666667
0 0.47421875 0.11527777777777778 0.0390625 0.11388888888888889
0 0.88671875 0.10833333333333334 0.0328125 0.12222222222222222
0 0.6265625 0.46944444444444444 0.0625 0.23333333333333334
0 0.1828125 0.6847222222222222 0.08125 0.225
0 0.17578125 0.2847222222222222 0.0328125 0.1527777777777778
0 0.26484375 0.28055555555555556 0.0453125 0.15
