1 0.7171875 0.47638888888888886 0.128125 0.3472222222222222
1 0.2546875 0.40694444444444444 0.05 0.125
1 0.278125 0.2 0.040625 0.08888888888888889
1 0.75546875 0.2638888888888889 0.0359375 0.09444444444444444
1 0.26640625 0.6055555555555555 0.0828125 0.19444444444444445
1 0.04453125 0.7305555555555555 0.0828125 0.2111111111111111
1 0.50390625 0.4527777777777778 0.0515625 0.15
1 0.046875 0.44583333333333336 0.05 0.11944444444444445
2 0.87734375 0.07916666666666666 0.0296875 0.06388888888888888
2 0.82265625 0.11527777777777778 0.0640625 0.14722222222222223
2 0.890625 0.3263888888888889 0.134375 0.225
0 0.25625 0.34305555555555556 0.05 0.1527777777777778
0 0.740625 0.10416666666666667 0.034375 0.10277777777777777
0 0.278125 0.1736111111111111 0.0375 0.11388888888888889
0 0.70234375 0.1111111111111111 0.0203125 0.07777777777777778
0 0.2765625 0.5430555555555555 0.075 0.20277777777777778
0 0.04453125 0.6847222222222222 0.0828125 0.21944444444444444
0 0.75546875 0.21388888888888888 0.0390625 0.12777777777777777
0 0.5046875 0.37777777777777777 0.053125 0.16666666666666666
0 0.046875 0.37777777777777777 0.053125 0.14444444444444443
