1 0.47109375 0.6 0.0703125 0.20555555555555555
1 0.95234375 0.3375 0.0734375 0.08055555555555556
1 0.54609375 0.4027777777777778 0.0203125 0.05555555555555555
1 0.56015625 0.5819444444444445 0.0453125 0.09722222222222222
1 0.5421875 0.3819444444444444 0.021875 0.075
1 0.69609375 0.2125 0.0265625 0.06388888888888888
2 0.47109375 0.6 0.0703125 0.20555555555555555
2 0.53359375 0.2652777777777778 0.0390625 0.05277777777777778
2 0.40859375 0.3861111111111111 0.0421875 0.08333333333333333
2 0.7171875 0.14166666666666666 0.028125 0.05
2 0.6765625 0.1 0.034375 0.044444444444444446
2 0.4375 0.3 0.046875 0.06666666666666667
2 0.8890625 0.6916666666666667 0.19375 0.37777777777777777
0 0.54140625 0.3527777777777778 0.0203125 0.05
0 0.553125 0.5527777777777778 0.040625 0.10555555555555556
