1 0.91171875 0.7125 0.1328125 0.33055555555555555
1 0.58984375 0.2777777777777778 0.0265625 0.044444444444444446
1 0.590625 0.20694444444444443 0.01875 0.03611111111111111
1 0.540625 0.3472222222222222 0.01875 0.044444444444444446
1 0.62890625 0.1986111111111111 0.0140625 0.03611111111111111
1 0.67578125 0.1986111111111111 0.0234375 0.05277777777777778
2 0.396875 0.3875 0.0625 0.09722222222222222
2 0.67890625 0.1125 0.0296875 0.041666666666666664
2 0.74296875 0.1486111111111111 0.0390625 0.05277777777777778
2 0.7234375 0.14166666666666666 0.028125 0.05
2 0.43828125 0.3 0.0453125 0.06666666666666667
0 0.490625 0.3527777777777778 0.01875 0.044444444444444446
0 0.5140625 0.41388888888888886 0.025 0.07222222222222222
0 0.334375 0.5138888888888888 0.03125 0.12777777777777777
0 0.47421875 0.2791666666666667 0.0203125 0.05277777777777778
0 0.85859375 0.3125 0.0203125 0.05277777777777778
0 0.49375 0.37916666666666665 0.021875 0.06944444444444445
0 0.95 0.38472222222222224 0.028125 0.13055555555555556
