1 0.19609375 0.34444444444444444 0.0484375 0.10555555555555556
1 0.9203125 0.14166666666666666 0.0375 0.10555555555555556
1 0.35703125 0.875 0.0828125 0.22777777777777777
1 0.78984375 0.10555555555555556 0.0359375 0.09444444444444444
1 0.75546875 0.24722222222222223 0.0421875 0.1111111111111111
1 0.60859375 0.2763888888888889 0.0421875 0.11388888888888889
0 0.60625 0.20833333333333334 0.040625 0.10555555555555556
0 0.925 0.10972222222222222 0.034375 0.11388888888888889
0 0.18671875 0.30833333333333335 0.0453125 0.12222222222222222
0 0.75625 0.20694444444444443 0.04375 0.125
0 0.35625 0.8111111111111111 0.078125 0.2777777777777778
0 0.8390625 0.45555555555555555 0.0375 0.2111111111111111
