1 0.7625 0.3 0.04375 0.12222222222222222
1 0.81875 0.21666666666666667 0.071875 0.08888888888888889
1 0.67109375 0.30972222222222223 0.0265625 0.058333333333333334
1 0.95078125 0.3375 0.0734375 0.075
1 0.66171875 0.23472222222222222 0.0171875 0.041666666666666664
1 0.6578125 0.21388888888888888 0.01875 0.05
1 0.6828125 0.17222222222222222 0.015625 0.044444444444444446
2 0.74296875 0.15 0.0390625 0.05
2 0.39765625 0.3875 0.0609375 0.125
2 0.67734375 0.11388888888888889 0.0328125 0.03888888888888889
2 0.72265625 0.14305555555555555 0.0265625 0.04722222222222222
2 0.4390625 0.3 0.04375 0.07222222222222222
0 0.6578125 0.21388888888888888 0.01875 0.05
0 0.296875 0.8152777777777778 0.040625 0.14166666666666666
0 0.52265625 0.4875 0.0296875 0.10833333333333334
