1 0.0796875 0.4527777777777778 0.065625 0.12222222222222222
1 0.528125 0.6527777777777778 0.06875 0.16111111111111112
1 0.7921875 0.17777777777777778 0.0375 0.10555555555555556
1 0.67578125 0.17083333333333334 0.0359375 0.10833333333333334
0 0.5265625 0.5166666666666667 0.06875 0.12777777777777777
0 0.67578125 0.14722222222222223 0.0359375 0.12222222222222222
0 0.06640625 0.40694444444444444 0.0515625 0.15833333333333333
0 0.925 0.16805555555555557 0.0375 0.1361111111111111
0 0.5265625 0.5972222222222222 0.071875 0.2222222222222222
0 0.79140625 0.14305555555555555 0.0359375 0.11388888888888889
0 0.85234375 0.4361111111111111 0.0390625 0.20555555555555555
