1 0.85625 0.4041666666666667 0.034375 0.10277777777777777
1 0.39609375 0.7916666666666666 0.0421875 0.12222222222222222
1 0.4921875 0.7944444444444444 0.04375 0.12222222222222222
1 0.55078125 0.6930555555555555 0.0390625 0.10277777777777777
2 0.721875 0.3402777777777778 0.059375 0.1361111111111111
2 0.6390625 0.14583333333333334 0.021875 0.05277777777777778
2 0.74140625 0.1486111111111111 0.0421875 0.05277777777777778
2 0.67890625 0.1111111111111111 0.0296875 0.03888888888888889
2 0.7234375 0.14305555555555555 0.028125 0.04722222222222222
2 0.39765625 0.3875 0.0640625 0.125
2 0.43828125 0.2986111111111111 0.0453125 0.06944444444444445
0 0.36953125 0.4875 0.0296875 0.11388888888888889
0 0.3328125 0.5152777777777777 0.028125 0.1361111111111111
0 0.47109375 0.30416666666666664 0.0140625 0.058333333333333334
0 0.34140625 0.6458333333333334 0.0328125 0.11388888888888889
0 0.8546875 0.3819444444444444 0.03125 0.11944444444444445
0 0.48671875 0.7263888888888889 0.0484375 0.13055555555555556
0 0.39140625 0.7236111111111111 0.0484375 0.125
0 0.91953125 0.3416666666666667 0.0296875 0.12222222222222222
0 0.54375 0.6208333333333333 0.046875 0.11388888888888889
