1 0.1984375 0.2861111111111111 0.10625 0.22777777777777777
1 0.85234375 0.10833333333333334 0.0609375 0.09444444444444444
1 0.57109375 0.42083333333333334 0.0453125 0.14722222222222223
1 0.02421875 0.45 0.0484375 0.14444444444444443
1 0.78046875 0.2791666666666667 0.0390625 0.11388888888888889
2 0.52265625 0.09305555555555556 0.0609375 0.10277777777777777
2 0.359375 0.325 0.14375 0.2111111111111111
0 0.85 0.08055555555555556 0.034375 0.1111111111111111
0 0.43125 0.37083333333333335 0.0375 0.18611111111111112
0 0.58046875 0.2708333333333333 0.0359375 0.14722222222222223
0 0.9359375 0.17083333333333334 0.0375 0.1361111111111111
0 0.78046875 0.24027777777777778 0.0390625 0.1361111111111111
