1 0.6671875 0.8819444444444444 0.171875 0.2361111111111111
1 0.025 0.5527777777777778 0.046875 0.17777777777777778
1 0.5015625 0.5055555555555555 0.046875 0.12222222222222222
1 0.78125 0.2861111111111111 0.040625 0.12222222222222222
1 0.68203125 0.31527777777777777 0.0453125 0.13055555555555556
2 0.45390625 0.10138888888888889 0.0734375 0.075
2 0.44921875 0.21944444444444444 0.1453125 0.16666666666666666
0 0.025 0.23333333333333334 0.028125 0.16111111111111112
0 0.49453125 0.3861111111111111 0.0453125 0.1111111111111111
0 0.0234375 0.5180555555555556 0.046875 0.19166666666666668
0 0.43515625 0.4097222222222222 0.0484375 0.14722222222222223
0 0.68359375 0.2763888888888889 0.0453125 0.16944444444444445
0 0.2875 0.8666666666666667 0.075 0.2
0 0.78203125 0.2361111111111111 0.0453125 0.15
