1 0.74609375 0.10416666666666667 0.0359375 0.09166666666666666
1 0.31796875 0.24166666666666667 0.0390625 0.1
1 0.4828125 0.4486111111111111 0.040625 0.125
1 0.91953125 0.16944444444444445 0.0390625 0.10555555555555556
1 0.24765625 0.6541666666666667 0.0859375 0.18611111111111112
0 0.9171875 0.10694444444444444 0.025 0.058333333333333334
0 0.4765625 0.34305555555555556 0.05625 0.09166666666666666
0 0.91953125 0.14166666666666666 0.0359375 0.12222222222222222
0 0.31953125 0.20555555555555555 0.0421875 0.1111111111111111
0 0.25625 0.5930555555555556 0.08125 0.20833333333333334
0 0.025 0.24305555555555555 0.03125 0.15833333333333333
0 0.2328125 0.1763888888888889 0.03125 0.06388888888888888
