1 0.11171875 0.3375 0.0296875 0.10277777777777777
1 0.52578125 0.1736111111111111 0.0390625 0.10833333333333334
1 0.47109375 0.17083333333333334 0.0390625 0.10277777777777777
1 0.60625 0.28194444444444444 0.040625 0.10833333333333334
1 0.27734375 0.4444444444444444 0.0484375 0.1111111111111111
1 0.81484375 0.10555555555555556 0.0296875 0.10555555555555556
1 0.1671875 0.3819444444444444 0.04375 0.125
0 0.05078125 0.24166666666666667 0.0265625 0.12777777777777777
0 0.4703125 0.14444444444444443 0.0375 0.11666666666666667
0 0.5234375 0.14027777777777778 0.0375 0.11944444444444445
0 0.27890625 0.3861111111111111 0.0515625 0.16111111111111112
0 0.1671875 0.3458333333333333 0.04375 0.14722222222222223
0 0.809375 0.34444444444444444 0.04375 0.15555555555555556
0 0.6046875 0.24027777777777778 0.040625 0.15833333333333333
0 0.1109375 0.2833333333333333 0.034375 0.17222222222222222
0 0.8140625 0.5208333333333334 0.0625 0.2638888888888889
