1 0.6703125 0.19583333333333333 0.115625 0.20833333333333334
1 0.4921875 0.10277777777777777 0.028125 0.06666666666666667
1 0.7390625 0.13472222222222222 0.03125 0.13055555555555556
1 0.66640625 0.30833333333333335 0.0390625 0.10555555555555556
1 0.5734375 0.41944444444444445 0.046875 0.15555555555555556
2 0.6703125 0.19583333333333333 0.115625 0.20833333333333334
0 0.9546875 0.18194444444444444 0.028125 0.1638888888888889
0 0.740625 0.11388888888888889 0.034375 0.12777777777777777
0 0.5734375 0.3486111111111111 0.05 0.15833333333333333
0 0.6671875 0.2763888888888889 0.040625 0.15833333333333333
0 0.9265625 0.18333333333333332 0.0375 0.16666666666666666
0 0.3375 0.9541666666666667 0.08125 0.09166666666666666
