1 0.45234375 0.22916666666666666 0.1296875 0.21388888888888888
1 0.3109375 0.4388888888888889 0.05625 0.09444444444444444
1 0.83359375 0.09444444444444444 0.0234375 0.06666666666666667
1 0.58671875 0.31527777777777777 0.0390625 0.11388888888888889
2 0.45234375 0.2125 0.1328125 0.225
0 0.02421875 0.23194444444444445 0.0265625 0.15833333333333333
0 0.834375 0.08055555555555556 0.021875 0.06666666666666667
0 0.5875 0.24166666666666667 0.04375 0.12222222222222222
0 0.3125 0.3736111111111111 0.05625 0.18055555555555555
0 0.3359375 0.1388888888888889 0.0375 0.12222222222222222
0 0.7625 0.4263888888888889 0.046875 0.2638888888888889
