1 0.246875 0.25416666666666665 0.1 0.21388888888888888
1 0.83203125 0.14166666666666666 0.0640625 0.1
1 0.77421875 0.07777777777777778 0.0234375 0.06111111111111111
1 0.4328125 0.5513888888888889 0.075 0.14722222222222223
1 0.76640625 0.34444444444444444 0.0421875 0.1111111111111111
1 0.51328125 0.44583333333333336 0.0421875 0.13055555555555556
1 0.12265625 0.4388888888888889 0.1328125 0.1388888888888889
2 0.45859375 0.21805555555555556 0.1265625 0.18611111111111112
0 0.8171875 0.10972222222222222 0.03125 0.13055555555555556
0 0.9390625 0.15138888888888888 0.0375 0.1527777777777778
0 0.978125 0.31666666666666665 0.040625 0.32222222222222224
0 0.109375 0.4083333333333333 0.040625 0.17777777777777778
0 0.8328125 0.1111111111111111 0.034375 0.1388888888888889
0 0.5140625 0.3472222222222222 0.040625 0.1111111111111111
0 0.76640625 0.2833333333333333 0.0453125 0.12777777777777777
0 0.35 0.4027777777777778 0.0375 0.19444444444444445
