1 0.18203125 0.3138888888888889 0.0484375 0.10555555555555556
1 0.8 0.23194444444444445 0.0375 0.09722222222222222
1 0.5046875 0.41805555555555557 0.04375 0.13055555555555556
1 0.15 0.4152777777777778 0.05 0.11944444444444445
2 0.53515625 0.1388888888888889 0.1015625 0.17777777777777778
0 0.42734375 0.33611111111111114 0.0328125 0.12222222222222222
0 0.79921875 0.1763888888888889 0.0359375 0.125
0 0.18125 0.2763888888888889 0.05 0.1527777777777778
0 0.50859375 0.3388888888888889 0.0453125 0.14444444444444443
0 0.15 0.37777777777777777 0.05 0.15555555555555556
0 0.8515625 0.475 0.040625 0.2388888888888889
