1 0.8 0.2152777777777778 0.084375 0.21388888888888888
1 0.66640625 0.19305555555555556 0.1359375 0.2361111111111111
1 0.3359375 0.38333333333333336 0.046875 0.11666666666666667
1 0.521875 0.13333333333333333 0.040625 0.10555555555555556
1 0.60234375 0.3375 0.0453125 0.13055555555555556
1 0.20859375 0.34305555555555556 0.0390625 0.10277777777777777
2 0.66640625 0.19305555555555556 0.1359375 0.2361111111111111
2 0.90859375 0.06388888888888888 0.0390625 0.05
2 0.15703125 0.7736111111111111 0.2828125 0.4083333333333333
2 0.78125 0.07777777777777778 0.084375 0.07222222222222222
0 0.6046875 0.28055555555555556 0.040625 0.1388888888888889
0 0.3984375 0.1111111111111111 0.0375 0.08333333333333333
0 0.028125 0.24722222222222223 0.03125 0.14444444444444443
0 0.33671875 0.34305555555555556 0.0515625 0.1638888888888889
0 0.20703125 0.2791666666666667 0.0390625 0.10277777777777777
