1 0.65 0.21805555555555556 0.084375 0.225
3 0.05234375 0.6472222222222223 0.1046875 0.3
1 0.71640625 0.4527777777777778 0.0421875 0.12777777777777777
1 0.375 0.20833333333333334 0.040625 0.08888888888888889
1 0.38984375 0.7833333333333333 0.0703125 0.19444444444444445
1 0.09921875 0.8861111111111111 0.0828125 0.20555555555555555
2 0.5328125 0.13194444444444445 0.109375 0.125
0 0.375 0.1736111111111111 0.040625 0.10277777777777777
0 0.71875 0.35138888888888886 0.04375 0.11944444444444445
0 0.71171875 0.3972222222222222 0.0671875 0.18888888888888888
0 0.0203125 0.24861111111111112 0.034375 0.1527777777777778
0 0.09765625 0.8027777777777778 0.0796875 0.2222222222222222
0 0.91875 0.2152777777777778 0.034375 0.19166666666666668
