1 0.4484375 0.6527777777777778 0.090625 0.21666666666666667
1 0.4734375 0.3861111111111111 0.059375 0.1388888888888889
3 0.4484375 0.6527777777777778 0.090625 0.21666666666666667
1 0.53515625 0.40694444444444444 0.0203125 0.04722222222222222
1 0.5453125 0.30972222222222223 0.021875 0.05277777777777778
1 0.70234375 0.21388888888888888 0.0296875 0.06666666666666667
1 0.95234375 0.3375 0.0734375 0.075
1 0.6953125 0.3472222222222222 0.025 0.07222222222222222
1 0.83828125 0.5194444444444445 0.0703125 0.12777777777777777
2 0.7234375 0.14305555555555555 0.03125 0.04722222222222222
2 0.74140625 0.1486111111111111 0.0453125 0.05277777777777778
2 0.43828125 0.3 0.0453125 0.06111111111111111
2 0.675 0.11666666666666667 0.034375 0.05
0 0.26484375 0.6930555555555555 0.0203125 0.06388888888888888
0 0.69609375 0.3111111111111111 0.0203125 0.05
0 0.5328125 0.3763888888888889 0.021875 0.05277777777777778
0 0.4109375 0.48333333333333334 0.01875 0.06666666666666667
0 0.8125 0.24861111111111112 0.021875 0.08055555555555556
0 0.8421875 0.45555555555555555 0.040625 0.09444444444444444
0 0.2421875 0.8666666666666667 0.040625 0.12222222222222222
0 0.446875 0.38472222222222224 0.0125 0.06944444444444445
0 0.77109375 0.2777777777777778 0.0234375 0.07777777777777778
