1 0.5640625 0.2708333333333333 0.128125 0.28055555555555556
1 0.46640625 0.4444444444444444 0.1546875 0.3333333333333333
1 0.1265625 0.5222222222222223 0.046875 0.11666666666666667
1 0.040625 0.6791666666666667 0.078125 0.20277777777777778
2 0.45078125 0.20972222222222223 0.1171875 0.15833333333333333
0 0.953125 0.18472222222222223 0.028125 0.15833333333333333
0 0.03515625 0.6111111111111112 0.0671875 0.20555555555555555
0 0.9265625 0.18472222222222223 0.03125 0.1638888888888889
0 0.1265625 0.4486111111111111 0.05 0.1638888888888889
0 0.81640625 0.33194444444444443 0.0359375 0.2361111111111111
