1 0.74453125 0.1986111111111111 0.0171875 0.058333333333333334
1 0.471875 0.7583333333333333 0.04375 0.10555555555555556
1 0.5296875 0.23472222222222222 0.015625 0.041666666666666664
1 0.6234375 0.24444444444444444 0.015625 0.05555555555555555
1 0.53203125 0.2125 0.0203125 0.04722222222222222
1 0.77109375 0.30416666666666664 0.0359375 0.09166666666666666
2 0.40859375 0.4083333333333333 0.0453125 0.09444444444444444
2 0.71953125 0.14027777777777778 0.0328125 0.05277777777777778
0 0.6234375 0.24444444444444444 0.015625 0.05555555555555555
0 0.43828125 0.48333333333333334 0.0234375 0.07222222222222222
0 0.48671875 0.2861111111111111 0.0203125 0.06666666666666667
0 0.46328125 0.6986111111111111 0.0484375 0.13055555555555556
