1 0.83125 0.2152777777777778 0.075 0.09166666666666666
1 0.53359375 0.17916666666666667 0.0171875 0.04722222222222222
1 0.975 0.6194444444444445 0.04375 0.15555555555555556
1 0.66953125 0.20416666666666666 0.0359375 0.08055555555555556
1 0.50625 0.24722222222222223 0.025 0.05555555555555555
1 0.7859375 0.3333333333333333 0.0375 0.08333333333333333
1 0.62421875 0.20833333333333334 0.0171875 0.05555555555555555
2 0.678125 0.10555555555555556 0.028125 0.044444444444444446
2 0.396875 0.40694444444444444 0.065625 0.11388888888888889
2 0.4359375 0.3013888888888889 0.0625 0.08055555555555556
2 0.72109375 0.14027777777777778 0.0390625 0.058333333333333334
1 0.37578125 0.6166666666666667 0.0453125 0.1
0 0.3359375 0.5208333333333334 0.034375 0.125
0 0.9734375 0.5541666666666667 0.0375 0.14722222222222223
0 0.78515625 0.3138888888888889 0.0359375 0.1
0 0.3359375 0.7569444444444444 0.046875 0.14722222222222223
