1 0.4640625 0.31527777777777777 0.021875 0.06944444444444445
1 0.25625 0.8236111111111111 0.128125 0.19166666666666668
1 0.54921875 0.24166666666666667 0.0171875 0.05
1 0.53203125 0.2777777777777778 0.0171875 0.05
1 0.5109375 0.3402777777777778 0.025 0.058333333333333334
1 0.82421875 0.4791666666666667 0.0390625 0.10833333333333334
2 0.6828125 0.09722222222222222 0.03125 0.05
2 0.72265625 0.14027777777777778 0.0421875 0.05277777777777778
2 0.39765625 0.4027777777777778 0.0640625 0.08888888888888889
2 0.4265625 0.32222222222222224 0.046875 0.07777777777777778
0 0.4640625 0.31527777777777777 0.021875 0.06944444444444445
0 0.509375 0.31805555555555554 0.021875 0.058333333333333334
0 0.33515625 0.5194444444444445 0.0328125 0.13333333333333333
0 0.43828125 0.5055555555555555 0.0328125 0.1
0 0.82109375 0.44722222222222224 0.0390625 0.12777777777777777
0 0.41328125 0.7291666666666666 0.0421875 0.15833333333333333
