1 0.3421875 0.16527777777777777 0.040625 0.09166666666666666
1 0.78984375 0.09861111111111111 0.0328125 0.09722222222222222
1 0.54921875 0.10972222222222222 0.0421875 0.09166666666666666
1 0.6515625 0.30277777777777776 0.0375 0.1111111111111111
2 0.71640625 0.15 0.1171875 0.17777777777777778
1 0.46875 0.8777777777777778 0.075 0.2222222222222222
0 0.95390625 0.18055555555555555 0.0265625 0.16666666666666666
0 0.4171875 0.1375 0.028125 0.13055555555555556
0 0.34296875 0.14305555555555555 0.0359375 0.11944444444444445
0 0.65703125 0.24027777777777778 0.0421875 0.15833333333333333
0 0.9265625 0.18055555555555555 0.0375 0.17222222222222222
0 0.4671875 0.8180555555555555 0.078125 0.275
