1 0.2734375 0.3013888888888889 0.115625 0.20277777777777778
1 0.68359375 0.5819444444444445 0.0640625 0.20833333333333334
1 0.6265625 0.45 0.046875 0.15
1 0.725 0.10416666666666667 0.0375 0.10833333333333334
1 0.3421875 0.5763888888888888 0.065625 0.1527777777777778
2 0.56875 0.043055555555555555 0.08125 0.08055555555555556
2 0.65078125 0.2125 0.1390625 0.19722222222222222
1 0.746875 0.6527777777777778 0.04375 0.17222222222222222
0 0.74453125 0.2763888888888889 0.0421875 0.11388888888888889
0 0.63359375 0.4 0.0609375 0.18888888888888888
0 0.68828125 0.5555555555555556 0.0640625 0.20555555555555555
0 0.74921875 0.5986111111111111 0.0578125 0.24166666666666667
0 0.340625 0.45 0.053125 0.12222222222222222
0 0.63046875 0.35 0.0484375 0.10555555555555556
0 0.77109375 0.20972222222222223 0.0390625 0.125
0 0.340625 0.4875 0.071875 0.20277777777777778
0 0.71875 0.375 0.053125 0.13333333333333333
