1 0.3625 0.6083333333333333 0.040625 0.1
1 0.7625 0.23333333333333334 0.01875 0.05555555555555555
1 0.946875 0.44305555555555554 0.059375 0.08611111111111111
2 0.58515625 0.1 0.0234375 0.03333333333333333
2 0.5453125 0.14722222222222223 0.021875 0.044444444444444446
2 0.515625 0.3013888888888889 0.04375 0.08611111111111111
2 0.4078125 0.3902777777777778 0.04375 0.09166666666666666
2 0.6765625 0.09861111111111111 0.034375 0.04722222222222222
2 0.42890625 0.32222222222222224 0.0484375 0.07777777777777778
2 0.71953125 0.1388888888888889 0.0359375 0.05
1 0.43515625 0.5861111111111111 0.0265625 0.06111111111111111
0 0.93359375 0.4083333333333333 0.0328125 0.11666666666666667
0 0.946875 0.4125 0.04375 0.11388888888888889
0 0.296875 0.6444444444444445 0.028125 0.06111111111111111
0 0.86640625 0.3472222222222222 0.0328125 0.1111111111111111
0 0.859375 0.30972222222222223 0.021875 0.06944444444444445
0 0.44453125 0.7305555555555555 0.0484375 0.1
0 0.3609375 0.5944444444444444 0.040625 0.10555555555555556
0 0.43359375 0.5458333333333333 0.0359375 0.10833333333333334
