1 0.309375 0.21388888888888888 0.10625 0.2222222222222222
1 0.5875 0.37916666666666665 0.040625 0.10833333333333334
1 0.86953125 0.3111111111111111 0.0640625 0.13333333333333333
1 0.7765625 0.3402777777777778 0.034375 0.125
1 0.83203125 0.5569444444444445 0.0453125 0.14722222222222223
1 0.34296875 0.6430555555555556 0.0828125 0.1638888888888889
1 0.559375 0.5513888888888889 0.05625 0.1527777777777778
2 0.7515625 0.11805555555555555 0.109375 0.14166666666666666
1 0.6640625 0.9166666666666666 0.04375 0.16666666666666666
0 0.5859375 0.30972222222222223 0.040625 0.13055555555555556
0 0.98828125 0.24166666666666667 0.0234375 0.17777777777777778
0 0.56015625 0.4444444444444444 0.0484375 0.12222222222222222
0 0.60625 0.3138888888888889 0.03125 0.12777777777777777
0 0.775 0.28194444444444444 0.040625 0.1638888888888889
0 0.85703125 0.24444444444444444 0.0359375 0.11666666666666667
0 0.834375 0.4847222222222222 0.053125 0.16944444444444445
0 0.3390625 0.5083333333333333 0.06875 0.13333333333333333
0 0.66484375 0.8277777777777777 0.0609375 0.25555555555555554
