1 0.83125 0.3763888888888889 0.04375 0.13055555555555556
1 0.79140625 0.5236111111111111 0.0390625 0.14166666666666666
1 0.85390625 0.14027777777777778 0.0328125 0.11944444444444445
1 0.9171875 0.16527777777777777 0.03125 0.10277777777777777
1 0.534375 0.6694444444444444 0.08125 0.18333333333333332
1 0.6609375 0.475 0.046875 0.11666666666666667
1 0.8015625 0.17083333333333334 0.0375 0.10277777777777777
2 0.415625 0.1388888888888889 0.071875 0.14444444444444443
2 0.66171875 0.21388888888888888 0.1453125 0.2611111111111111
0 0.915625 0.1111111111111111 0.03125 0.1111111111111111
0 0.83125 0.3138888888888889 0.046875 0.16111111111111112
0 0.66484375 0.37916666666666665 0.0484375 0.1361111111111111
0 0.178125 0.18333333333333332 0.028125 0.1388888888888889
0 0.85390625 0.1125 0.0359375 0.11944444444444445
0 0.8 0.14305555555555555 0.0375 0.125
0 0.7921875 0.45416666666666666 0.046875 0.20833333333333334
0 0.53515625 0.6152777777777778 0.0765625 0.20833333333333334
