1 0.64453125 0.2611111111111111 0.2140625 0.29444444444444445
1 0.834375 0.2611111111111111 0.078125 0.23333333333333334
1 0.246875 0.44027777777777777 0.046875 0.09722222222222222
1 0.34296875 0.38472222222222224 0.0421875 0.125
1 0.1421875 0.5833333333333334 0.071875 0.11666666666666667
1 0.3875 0.8027777777777778 0.146875 0.2
0 0.13046875 0.3902777777777778 0.0640625 0.10833333333333334
0 0.24140625 0.38333333333333336 0.0515625 0.16666666666666666
0 0.1421875 0.5138888888888888 0.075 0.15
0 0.3421875 0.34444444444444444 0.040625 0.15555555555555556
0 0.2796875 0.1527777777777778 0.034375 0.12777777777777777
0 0.38828125 0.7125 0.0734375 0.2861111111111111
0 0.709375 0.8319444444444445 0.075 0.33055555555555555
