1 0.83046875 0.18333333333333332 0.0828125 0.19444444444444445
1 0.61875 0.2513888888888889 0.121875 0.25277777777777777
1 0.7453125 0.10694444444444444 0.025 0.08611111111111111
1 0.7203125 0.4847222222222222 0.040625 0.1361111111111111
0 0.77734375 0.3819444444444444 0.0265625 0.14722222222222223
0 0.31953125 0.2388888888888889 0.0421875 0.13333333333333333
0 0.7453125 0.10694444444444444 0.025 0.08611111111111111
0 0.053125 0.28888888888888886 0.040625 0.15
0 0.7171875 0.4166666666666667 0.046875 0.17777777777777778
0 0.16875 0.9222222222222223 0.109375 0.15555555555555556
0 0.9484375 0.3416666666666667 0.03125 0.19444444444444445
