1 0.609375 0.19722222222222222 0.03125 0.05
1 0.65625 0.25 0.021875 0.05555555555555555
1 0.5265625 0.5569444444444445 0.025 0.06388888888888888
1 0.553125 0.37916666666666665 0.025 0.075
1 0.9515625 0.3375 0.075 0.075
1 0.74296875 0.37916666666666665 0.0421875 0.09166666666666666
1 0.6578125 0.2722222222222222 0.021875 0.05555555555555555
2 0.72421875 0.14583333333333334 0.0296875 0.04722222222222222
2 0.43125 0.8166666666666667 0.115625 0.28888888888888886
2 0.74140625 0.1486111111111111 0.0453125 0.05277777777777778
2 0.43828125 0.2986111111111111 0.0453125 0.06388888888888888
2 0.67734375 0.1125 0.0328125 0.04722222222222222
0 0.409375 0.47638888888888886 0.01875 0.06944444444444445
0 0.553125 0.37916666666666665 0.025 0.075
0 0.43515625 0.3902777777777778 0.0140625 0.06388888888888888
0 0.8 0.24444444444444444 0.021875 0.06666666666666667
0 0.25703125 0.8513888888888889 0.0453125 0.14166666666666666
0 0.52265625 0.5180555555555556 0.0328125 0.10833333333333334
0 0.740625 0.3375 0.028125 0.058333333333333334
0 0.65625 0.25 0.021875 0.05555555555555555
0 0.74296875 0.24722222222222223 0.0203125 0.07222222222222222
