1 0.63125 0.16805555555555557 0.075 0.175
3 0.63125 0.16805555555555557 0.075 0.175
3 0.4515625 0.6611111111111111 0.278125 0.6777777777777778
1 0.9515625 0.3375 0.075 0.08055555555555556
1 0.928125 0.5444444444444444 0.046875 0.11666666666666667
1 0.7078125 0.20416666666666666 0.01875 0.05277777777777778
2 0.55078125 0.20555555555555555 0.0265625 0.05
2 0.58828125 0.08333333333333333 0.0265625 0.027777777777777776
2 0.6421875 0.2 0.071875 0.1111111111111111
2 0.7390625 0.14444444444444443 0.0375 0.044444444444444446
2 0.72421875 0.14305555555555555 0.0265625 0.04722222222222222
2 0.4390625 0.3 0.04375 0.06666666666666667
2 0.6796875 0.1125 0.028125 0.041666666666666664
0 0.74296875 0.18194444444444444 0.0203125 0.058333333333333334
0 0.3015625 0.5236111111111111 0.025 0.10833333333333334
0 0.28828125 0.8972222222222223 0.0640625 0.18888888888888888
0 0.92578125 0.45416666666666666 0.0390625 0.09722222222222222
