1 0.95234375 0.3388888888888889 0.0734375 0.07777777777777778
1 0.52265625 0.24305555555555555 0.0171875 0.04722222222222222
1 0.7046875 0.24166666666666667 0.025 0.05
2 0.60859375 0.175 0.0484375 0.08888888888888889
2 0.39765625 0.3888888888888889 0.0609375 0.08333333333333333
2 0.721875 0.1388888888888889 0.034375 0.05555555555555555
2 0.4328125 0.3013888888888889 0.05625 0.075
2 0.528125 0.4444444444444444 0.08125 0.1388888888888889
0 0.52265625 0.24305555555555555 0.0171875 0.04722222222222222
0 0.6984375 0.21388888888888888 0.01875 0.044444444444444446
0 0.4140625 0.45 0.03125 0.13333333333333333
0 0.33671875 0.5152777777777777 0.0359375 0.1361111111111111
0 0.509375 0.17777777777777778 0.0125 0.044444444444444446
0 0.48359375 0.38472222222222224 0.0234375 0.06944444444444445
0 0.48828125 0.2388888888888889 0.0140625 0.05
