1 0.5296875 0.20416666666666666 0.01875 0.041666666666666664
1 0.8515625 0.38055555555555554 0.04375 0.08333333333333333
1 0.76328125 0.23472222222222222 0.0171875 0.05277777777777778
2 0.62265625 0.1763888888888889 0.0578125 0.075
2 0.4078125 0.3902777777777778 0.04375 0.09722222222222222
2 0.42890625 0.31666666666666665 0.0546875 0.08333333333333333
2 0.6765625 0.09722222222222222 0.034375 0.05
2 0.7203125 0.1388888888888889 0.034375 0.05555555555555555
1 0.41640625 0.6847222222222222 0.0328125 0.11388888888888889
0 0.29609375 0.6444444444444445 0.0265625 0.06111111111111111
0 0.3609375 0.6097222222222223 0.0375 0.10277777777777777
0 0.82421875 0.2777777777777778 0.0203125 0.06111111111111111
0 0.4109375 0.6472222222222223 0.034375 0.1388888888888889
