1 0.5328125 0.3138888888888889 0.021875 0.05555555555555555
1 0.4890625 0.2722222222222222 0.015625 0.044444444444444446
1 0.53984375 0.2388888888888889 0.0171875 0.05
1 0.815625 0.2722222222222222 0.028125 0.05
1 0.46875 0.3347222222222222 0.01875 0.04722222222222222
1 0.675 0.24722222222222223 0.021875 0.06111111111111111
1 0.7453125 0.30694444444444446 0.025 0.058333333333333334
1 0.6296875 0.20694444444444443 0.028125 0.04722222222222222
1 0.53359375 0.33611111111111114 0.0203125 0.044444444444444446
2 0.72265625 0.14027777777777778 0.0328125 0.05277777777777778
0 0.675 0.24722222222222223 0.021875 0.06111111111111111
0 0.3765625 0.4875 0.03125 0.11388888888888889
0 0.4875 0.24305555555555555 0.015625 0.04722222222222222
0 0.33515625 0.5166666666666667 0.0328125 0.13333333333333333
0 0.47734375 0.5277777777777778 0.0359375 0.1
0 0.46640625 0.3194444444444444 0.0203125 0.06111111111111111
0 0.74296875 0.28055555555555556 0.0234375 0.06111111111111111
0 0.5328125 0.3138888888888889 0.021875 0.05555555555555555
0 0.43125 0.45555555555555555 0.034375 0.12222222222222222
