1 0.74765625 0.1111111111111111 0.1046875 0.15555555555555556
1 0.6953125 0.18611111111111112 0.078125 0.18888888888888888
1 0.48359375 0.23472222222222222 0.0359375 0.09722222222222222
1 0.28125 0.35138888888888886 0.065625 0.08611111111111111
2 0.75390625 0.11527777777777778 0.0921875 0.14722222222222223
2 0.0859375 0.5847222222222223 0.171875 0.2861111111111111
0 0.39765625 0.1111111111111111 0.0265625 0.06666666666666667
0 0.8125 0.30277777777777776 0.04375 0.12222222222222222
0 0.2796875 0.30277777777777776 0.046875 0.15
0 0.48515625 0.18333333333333332 0.0390625 0.1388888888888889
0 0.9296875 0.1763888888888889 0.028125 0.11944444444444445
0 0.140625 0.23472222222222222 0.03125 0.15833333333333333
