1 0.82109375 0.21666666666666667 0.0734375 0.09444444444444444
1 0.278125 0.8 0.1125 0.17777777777777778
1 0.5234375 0.65 0.046875 0.09444444444444444
1 0.50625 0.3416666666666667 0.01875 0.06666666666666667
1 0.71953125 0.4847222222222222 0.0390625 0.10277777777777777
1 0.8921875 0.4125 0.040625 0.09166666666666666
1 0.4734375 0.3416666666666667 0.021875 0.06111111111111111
1 0.66953125 0.26805555555555555 0.0265625 0.06388888888888888
2 0.72109375 0.14027777777777778 0.0296875 0.05277777777777778
2 0.40625 0.4041666666666667 0.04375 0.10277777777777777
2 0.78984375 0.40694444444444444 0.0828125 0.20833333333333334
2 0.43671875 0.2986111111111111 0.0453125 0.06944444444444445
2 0.5265625 0.3013888888888889 0.05625 0.08055555555555556
0 0.334375 0.5152777777777777 0.03125 0.14722222222222223
0 0.50625 0.3416666666666667 0.01875 0.06666666666666667
0 0.78203125 0.30972222222222223 0.0171875 0.03611111111111111
0 0.66796875 0.2513888888888889 0.0203125 0.06388888888888888
0 0.890625 0.38055555555555554 0.034375 0.1
0 0.515625 0.5888888888888889 0.040625 0.1111111111111111
0 0.71640625 0.4486111111111111 0.0359375 0.11944444444444445
