3 0.975 0.6861111111111111 0.05 0.3888888888888889
1 0.49765625 0.28055555555555556 0.0234375 0.05555555555555555
1 0.6703125 0.14027777777777778 0.01875 0.041666666666666664
1 0.44609375 0.6180555555555556 0.0359375 0.11944444444444445
1 0.54375 0.2111111111111111 0.01875 0.044444444444444446
1 0.528125 0.5819444444444445 0.0375 0.09722222222222222
1 0.54296875 0.2777777777777778 0.0203125 0.05555555555555555
1 0.49453125 0.4111111111111111 0.0234375 0.05555555555555555
1 0.8140625 0.27361111111111114 0.025 0.058333333333333334
1 0.6859375 0.24583333333333332 0.021875 0.06944444444444445
2 0.72421875 0.14583333333333334 0.0328125 0.04722222222222222
2 0.4390625 0.3 0.04375 0.06666666666666667
0 0.54453125 0.16666666666666666 0.0140625 0.03888888888888889
0 0.51015625 0.16944444444444445 0.0109375 0.044444444444444446
0 0.6859375 0.24583333333333332 0.021875 0.06944444444444445
0 0.44375 0.5944444444444444 0.0375 0.10555555555555556
0 0.54296875 0.2777777777777778 0.0203125 0.05555555555555555
0 0.49765625 0.28055555555555556 0.0234375 0.05555555555555555
0 0.52421875 0.5472222222222223 0.0359375 0.10555555555555556
0 0.49140625 0.3819444444444444 0.0234375 0.06388888888888888
0 0.89140625 0.31805555555555554 0.0296875 0.10833333333333334
0 0.184375 0.8916666666666667 0.053125 0.16111111111111112
