1 0.69609375 0.3125 0.0265625 0.06388888888888888
1 0.71484375 0.27361111111111114 0.0328125 0.06388888888888888
1 0.64296875 0.17777777777777778 0.0140625 0.044444444444444446
1 0.49609375 0.5152777777777777 0.0328125 0.10277777777777777
1 0.76328125 0.30277777777777776 0.0296875 0.06666666666666667
1 0.69765625 0.34444444444444444 0.0265625 0.06111111111111111
1 0.6640625 0.27361111111111114 0.021875 0.05277777777777778
2 0.43828125 0.3 0.0453125 0.07222222222222222
2 0.7078125 0.1736111111111111 0.040625 0.058333333333333334
2 0.5203125 0.31666666666666665 0.05 0.10555555555555556
0 0.24296875 0.7944444444444444 0.0359375 0.17222222222222222
0 0.6796875 0.16944444444444445 0.0125 0.044444444444444446
0 0.6625 0.25 0.01875 0.05
0 0.48515625 0.4166666666666667 0.0359375 0.08888888888888889
0 0.49296875 0.4875 0.0359375 0.09722222222222222
