1 0.484375 0.48055555555555557 0.053125 0.14444444444444443
1 0.953125 0.3388888888888889 0.075 0.07777777777777778
1 0.54453125 0.3111111111111111 0.0171875 0.05
1 0.71328125 0.2388888888888889 0.0265625 0.06666666666666667
2 0.46875 0.26666666666666666 0.028125 0.044444444444444446
2 0.52890625 0.20694444444444443 0.0296875 0.041666666666666664
2 0.5328125 0.23472222222222222 0.040625 0.058333333333333334
2 0.40703125 0.38472222222222224 0.0453125 0.09166666666666666
2 0.7171875 0.14166666666666666 0.03125 0.05
2 0.4375 0.3013888888888889 0.046875 0.06388888888888888
2 0.6765625 0.09861111111111111 0.034375 0.04722222222222222
0 0.54453125 0.3111111111111111 0.0171875 0.05
0 0.48984375 0.24722222222222223 0.0234375 0.05
0 0.39140625 0.9388888888888889 0.0671875 0.12222222222222222
