1 0.89921875 0.30833333333333335 0.0296875 0.06111111111111111
1 0.509375 0.7583333333333333 0.046875 0.10555555555555556
1 0.79296875 0.3055555555555556 0.0234375 0.06666666666666667
1 0.66953125 0.18333333333333332 0.0171875 0.044444444444444446
1 0.521875 0.5833333333333334 0.040625 0.1111111111111111
1 0.44453125 0.5222222222222223 0.0265625 0.06666666666666667
1 0.53359375 0.2791666666666667 0.0234375 0.05277777777777778
2 0.68359375 0.09583333333333334 0.0296875 0.04722222222222222
2 0.42734375 0.31527777777777777 0.0359375 0.058333333333333334
2 0.72265625 0.14166666666666666 0.0390625 0.05
2 0.5328125 0.20972222222222223 0.03125 0.04722222222222222
2 0.3984375 0.39166666666666666 0.059375 0.08888888888888889
2 0.46875 0.35833333333333334 0.04375 0.1
0 0.6265625 0.17916666666666667 0.0125 0.041666666666666664
0 0.4390625 0.4875 0.034375 0.09722222222222222
0 0.66953125 0.18333333333333332 0.0171875 0.044444444444444446
0 0.334375 0.5208333333333334 0.03125 0.13055555555555556
0 0.7859375 0.2777777777777778 0.021875 0.08333333333333333
0 0.50390625 0.7152777777777778 0.0515625 0.1361111111111111
0 0.51640625 0.5513888888888889 0.0359375 0.10833333333333334
0 0.390625 0.6791666666666667 0.040625 0.13055555555555556
