1 0.89765625 0.09583333333333334 0.0640625 0.10833333333333334
1 0.10625 0.5819444444444445 0.0375 0.11388888888888889
1 0.5296875 0.17083333333333334 0.040625 0.11944444444444445
1 0.71875 0.16111111111111112 0.034375 0.09444444444444444
1 0.15859375 0.5888888888888889 0.0796875 0.18333333333333332
1 0.4296875 0.6583333333333333 0.065625 0.20555555555555555
1 0.790625 0.4388888888888889 0.028125 0.11666666666666667
0 0.5296875 0.14305555555555555 0.040625 0.13055555555555556
0 0.21875 0.38472222222222224 0.04375 0.1361111111111111
0 0.71875 0.11666666666666667 0.034375 0.12222222222222222
0 0.1015625 0.5166666666666667 0.046875 0.15
0 0.15859375 0.55 0.0734375 0.18888888888888888
0 0.4296875 0.5916666666666667 0.06875 0.21666666666666667
0 0.7921875 0.375 0.0375 0.2
0 0.840625 0.4861111111111111 0.046875 0.24444444444444444
