1 0.671875 0.8791666666666667 0.171875 0.24166666666666667
1 0.371875 0.30416666666666664 0.04375 0.08611111111111111
1 0.065625 0.6875 0.06875 0.13055555555555556
1 0.2234375 0.6541666666666667 0.084375 0.15833333333333333
0 0.08671875 0.44305555555555554 0.0484375 0.15833333333333333
0 0.24921875 0.5583333333333333 0.0796875 0.21666666666666667
0 0.5703125 0.6902777777777778 0.05625 0.26944444444444443
0 0.3765625 0.2361111111111111 0.040625 0.12222222222222222
0 0.0640625 0.6152777777777778 0.075 0.19722222222222222
0 0.515625 0.20833333333333334 0.03125 0.17777777777777778
