1 0.63671875 0.20277777777777778 0.0171875 0.05555555555555555
1 0.7734375 0.4125 0.0375 0.09166666666666666
2 0.3984375 0.3888888888888889 0.059375 0.10555555555555556
2 0.565625 0.2125 0.021875 0.041666666666666664
2 0.74296875 0.15138888888888888 0.0390625 0.05277777777777778
2 0.72265625 0.14583333333333334 0.0296875 0.04722222222222222
2 0.5484375 0.14722222222222223 0.021875 0.03888888888888889
2 0.4390625 0.2986111111111111 0.04375 0.06944444444444445
2 0.66640625 0.17777777777777778 0.0328125 0.05555555555555555
2 0.53125 0.26944444444444443 0.046875 0.06111111111111111
0 0.63671875 0.20277777777777778 0.0171875 0.05555555555555555
0 0.296875 0.6986111111111111 0.046875 0.15833333333333333
