1 0.20625 0.37083333333333335 0.115625 0.225
1 0.1625 0.8013888888888889 0.25625 0.375
1 0.6109375 0.3416666666666667 0.0375 0.11666666666666667
1 0.821875 0.23472222222222222 0.034375 0.10277777777777777
1 0.7359375 0.3861111111111111 0.040625 0.12777777777777777
1 0.35859375 0.5875 0.0765625 0.14722222222222223
0 0.24609375 0.3375 0.0296875 0.14722222222222223
0 0.034375 0.8777777777777778 0.05625 0.2111111111111111
0 0.62265625 0.2722222222222222 0.0421875 0.1388888888888889
0 0.32421875 0.1388888888888889 0.0390625 0.1111111111111111
0 0.084375 0.6236111111111111 0.071875 0.11388888888888889
0 0.359375 0.4861111111111111 0.06875 0.2
0 0.09453125 0.8277777777777777 0.0734375 0.21666666666666667
0 0.82265625 0.18194444444444444 0.0359375 0.11388888888888889
0 0.871875 0.3013888888888889 0.04375 0.16944444444444445
0 0.73828125 0.31805555555555554 0.0515625 0.1638888888888889
