1 0.80234375 0.32222222222222224 0.0984375 0.25555555555555554
1 0.12421875 0.30833333333333335 0.0390625 0.1
1 0.27734375 0.23472222222222222 0.0421875 0.08611111111111111
1 0.80234375 0.14166666666666666 0.0359375 0.1
1 0.35546875 0.48194444444444445 0.0765625 0.10833333333333334
1 0.61875 0.30694444444444446 0.046875 0.11944444444444445
1 0.51171875 0.4097222222222222 0.0453125 0.125
1 0.50390625 0.7138888888888889 0.0671875 0.18333333333333332
2 0.80234375 0.32222222222222224 0.0984375 0.25555555555555554
2 0.86796875 0.07083333333333333 0.0453125 0.06388888888888888
2 0.91875 0.25416666666666665 0.1125 0.20833333333333334
2 0.31875 0.7125 0.240625 0.35833333333333334
0 0.35703125 0.41388888888888886 0.0453125 0.1388888888888889
0 0.3609375 0.44722222222222224 0.075 0.17777777777777778
0 0.61953125 0.24305555555555555 0.0421875 0.11388888888888889
0 0.2796875 0.20694444444444443 0.0375 0.11388888888888889
0 0.51328125 0.3111111111111111 0.0453125 0.1111111111111111
0 0.50546875 0.6222222222222222 0.0609375 0.21666666666666667
0 0.80078125 0.10972222222222222 0.0359375 0.11944444444444445
0 0.12421875 0.2708333333333333 0.0390625 0.14166666666666666
