1 0.6515625 0.26666666666666666 0.021875 0.044444444444444446
1 0.66640625 0.16805555555555557 0.0171875 0.041666666666666664
1 0.528125 0.28194444444444444 0.01875 0.04722222222222222
1 0.9515625 0.33611111111111114 0.071875 0.07777777777777778
1 0.53046875 0.3 0.0171875 0.044444444444444446
2 0.72578125 0.24722222222222223 0.0421875 0.1
2 0.7234375 0.14444444444444443 0.028125 0.05
2 0.74296875 0.15138888888888888 0.0421875 0.05277777777777778
2 0.3984375 0.3888888888888889 0.0625 0.12222222222222222
2 0.43828125 0.3 0.0453125 0.06666666666666667
0 0.33203125 0.5166666666666667 0.0296875 0.12777777777777777
0 0.63984375 0.20833333333333334 0.0203125 0.03888888888888889
0 0.35859375 0.6763888888888889 0.0359375 0.14722222222222223
0 0.2984375 0.7680555555555556 0.040625 0.1527777777777778
0 0.49609375 0.8958333333333334 0.0671875 0.18055555555555555
