1 0.8921875 0.4388888888888889 0.034375 0.1
1 0.8203125 0.2152777777777778 0.078125 0.09166666666666666
1 0.46875 0.5472222222222223 0.0375 0.09444444444444444
1 0.54765625 0.65 0.0453125 0.08888888888888889
1 0.76171875 0.2791666666666667 0.0265625 0.06388888888888888
1 0.36015625 0.6111111111111112 0.0421875 0.1
1 0.70703125 0.21388888888888888 0.0203125 0.05555555555555555
1 0.8109375 0.44166666666666665 0.0375 0.10555555555555556
2 0.40703125 0.3875 0.0453125 0.10277777777777777
2 0.42890625 0.31666666666666665 0.0578125 0.08888888888888889
2 0.67734375 0.10138888888888889 0.0359375 0.04722222222222222
2 0.7203125 0.14027777777777778 0.040625 0.058333333333333334
0 0.7578125 0.24583333333333332 0.025 0.05277777777777778
0 0.35703125 0.5930555555555556 0.0421875 0.10277777777777777
0 0.803125 0.4125 0.0375 0.11944444444444445
0 0.54296875 0.5875 0.0421875 0.11944444444444445
0 0.46796875 0.5194444444444445 0.0359375 0.09444444444444444
0 0.8875 0.3888888888888889 0.0375 0.12777777777777777
