1 0.55625 0.39305555555555555 0.065625 0.18611111111111112
1 0.73359375 0.275 0.0390625 0.12777777777777777
1 0.55078125 0.42083333333333334 0.0421875 0.1361111111111111
1 0.06640625 0.8 0.1140625 0.2222222222222222
2 0.75625 0.09583333333333334 0.0875 0.10833333333333334
2 0.6046875 0.07083333333333333 0.090625 0.09722222222222222
2 0.31328125 0.36944444444444446 0.1671875 0.2222222222222222
0 0.56484375 0.38333333333333336 0.0453125 0.14444444444444443
0 0.734375 0.24583333333333332 0.034375 0.15833333333333333
0 0.0625 0.6916666666666667 0.071875 0.2111111111111111
0 0.9578125 0.40694444444444444 0.040625 0.19722222222222222
