3 0.95625 0.5888888888888889 0.0875 0.32222222222222224
1 0.8015625 0.3013888888888889 0.025 0.05277777777777778
1 0.68046875 0.13333333333333333 0.0203125 0.03888888888888889
1 0.71953125 0.21388888888888888 0.0234375 0.05555555555555555
1 0.8015625 0.2791666666666667 0.034375 0.09166666666666666
1 0.525 0.24305555555555555 0.01875 0.041666666666666664
1 0.64140625 0.17083333333333334 0.0234375 0.04722222222222222
1 0.721875 0.23333333333333334 0.021875 0.05
2 0.40703125 0.4041666666666667 0.0421875 0.10277777777777777
2 0.72109375 0.14027777777777778 0.0390625 0.05277777777777778
2 0.434375 0.3013888888888889 0.046875 0.06944444444444445
0 0.71953125 0.21388888888888888 0.0234375 0.05555555555555555
