1 0.86953125 0.4875 0.0796875 0.11944444444444445
1 0.58125 0.2722222222222222 0.04375 0.12222222222222222
1 0.403125 0.7444444444444445 0.075 0.23333333333333334
1 0.6953125 0.28055555555555556 0.04375 0.14444444444444443
0 0.58359375 0.2152777777777778 0.0390625 0.125
0 0.96953125 0.24722222222222223 0.0328125 0.16666666666666666
0 0.68125 0.5875 0.0625 0.23055555555555557
0 0.403125 0.6680555555555555 0.078125 0.21388888888888888
0 0.696875 0.24444444444444444 0.04375 0.15
0 0.37265625 0.5125 0.0640625 0.11944444444444445
