1 0.5140625 0.35694444444444445 0.2 0.3638888888888889
1 0.20625 0.7222222222222222 0.4125 0.5555555555555556
1 0.33125 0.27361111111111114 0.04375 0.09166666666666666
1 0.9203125 0.24027777777777778 0.040625 0.14166666666666666
1 0.83046875 0.38472222222222224 0.0515625 0.14166666666666666
1 0.62578125 0.8652777777777778 0.0859375 0.24166666666666667
1 0.7140625 0.2777777777777778 0.053125 0.12777777777777777
2 0.49453125 0.3527777777777778 0.1703125 0.39444444444444443
2 0.871875 0.1 0.06875 0.12777777777777777
2 0.71484375 0.1375 0.0828125 0.19166666666666668
2 0.8 0.07777777777777778 0.065625 0.06666666666666667
2 0.646875 0.6111111111111112 0.2 0.3388888888888889
1 0.21640625 0.26944444444444443 0.0453125 0.1
0 0.31953125 0.4736111111111111 0.0671875 0.1361111111111111
0 0.796875 0.30972222222222223 0.04375 0.16944444444444445
0 0.71484375 0.2388888888888889 0.0453125 0.16666666666666666
0 0.8296875 0.3347222222222222 0.0625 0.19722222222222222
0 0.215625 0.21666666666666667 0.040625 0.14444444444444443
0 0.33359375 0.2361111111111111 0.0453125 0.15555555555555556
0 0.3765625 0.2513888888888889 0.04375 0.11388888888888889
