1 0.28125 0.26805555555555555 0.128125 0.20833333333333334
1 0.5828125 0.09305555555555556 0.028125 0.06944444444444445
1 0.50625 0.20277777777777778 0.0375 0.11666666666666667
1 0.7609375 0.3763888888888889 0.046875 0.125
1 0.2359375 0.7180555555555556 0.075 0.19722222222222222
1 0.6578125 0.8111111111111111 0.059375 0.2222222222222222
0 0.7453125 0.8541666666666666 0.0625 0.2861111111111111
0 0.29921875 0.3375 0.0390625 0.1527777777777778
0 0.50625 0.18055555555555555 0.040625 0.1388888888888889
0 0.65078125 0.7194444444444444 0.0609375 0.28888888888888886
0 0.759375 0.31666666666666665 0.046875 0.15
0 0.2359375 0.625 0.075 0.21666666666666667
0 0.85 0.40555555555555556 0.05625 0.2388888888888889
