1 0.78984375 0.20555555555555555 0.0359375 0.12777777777777777
1 0.92734375 0.12916666666666668 0.0390625 0.09166666666666666
1 0.60234375 0.4847222222222222 0.0484375 0.14722222222222223
1 0.88125 0.3138888888888889 0.0375 0.12222222222222222
1 0.22421875 0.2791666666666667 0.0484375 0.10277777777777777
1 0.63359375 0.7347222222222223 0.0796875 0.24166666666666667
2 0.7375 0.2861111111111111 0.121875 0.20555555555555555
2 0.4359375 0.6930555555555555 0.240625 0.3472222222222222
1 0.8140625 0.4736111111111111 0.034375 0.13055555555555556
0 0.04921875 0.24861111111111112 0.0234375 0.11944444444444445
0 0.6234375 0.17222222222222222 0.040625 0.11666666666666667
0 0.54765625 0.3375 0.0515625 0.24722222222222223
0 0.6 0.4097222222222222 0.059375 0.23055555555555557
0 0.7859375 0.17777777777777778 0.040625 0.13333333333333333
0 0.50546875 0.30833333333333335 0.0390625 0.16111111111111112
0 0.928125 0.10833333333333334 0.0375 0.11666666666666667
0 0.51640625 0.4847222222222222 0.0671875 0.19722222222222222
0 0.6375 0.6736111111111112 0.08125 0.24722222222222223
0 0.22421875 0.2125 0.0421875 0.09722222222222222
0 0.87890625 0.275 0.0453125 0.16666666666666666
0 0.8171875 0.40555555555555556 0.053125 0.2222222222222222
