1 0.675 0.19722222222222222 0.08125 0.22777777777777777
1 0.72734375 0.2763888888888889 0.0859375 0.21944444444444444
1 0.5703125 0.4166666666666667 0.04375 0.12222222222222222
1 0.915625 0.24305555555555555 0.040625 0.14722222222222223
1 0.8375 0.3125 0.04375 0.11944444444444445
1 0.34140625 0.16805555555555557 0.0390625 0.09166666666666666
1 0.8015625 0.24583333333333332 0.0375 0.125
1 0.87421875 0.0763888888888889 0.0234375 0.058333333333333334
1 0.0828125 0.6194444444444445 0.059375 0.1388888888888889
1 0.50390625 0.5125 0.0578125 0.11944444444444445
1 0.4421875 0.8277777777777777 0.075 0.22777777777777777
2 0.8421875 0.525 0.153125 0.26666666666666666
0 0.9171875 0.2152777777777778 0.0375 0.1361111111111111
0 0.759375 0.1361111111111111 0.0375 0.10555555555555556
0 0.9203125 0.10833333333333334 0.03125 0.1
0 0.56953125 0.34444444444444444 0.0453125 0.13333333333333333
0 0.87421875 0.0763888888888889 0.0234375 0.058333333333333334
0 0.803125 0.20833333333333334 0.0375 0.13333333333333333
0 0.5046875 0.4888888888888889 0.053125 0.1388888888888889
0 0.33984375 0.1388888888888889 0.0359375 0.12222222222222222
0 0.0828125 0.5444444444444444 0.065625 0.18888888888888888
0 0.4953125 0.2791666666666667 0.0375 0.1361111111111111
0 0.83671875 0.2763888888888889 0.0453125 0.15833333333333333
0 0.58671875 0.24444444444444444 0.0453125 0.11666666666666667
0 0.503125 0.4125 0.046875 0.1361111111111111
0 0.4421875 0.7388888888888889 0.08125 0.25
