1 0.5453125 0.2791666666666667 0.01875 0.05277777777777778
1 0.82421875 0.3111111111111111 0.0453125 0.09444444444444444
2 0.503125 0.30277777777777776 0.03125 0.05
2 0.44921875 0.3055555555555556 0.0421875 0.07222222222222222
2 0.40703125 0.4013888888888889 0.0421875 0.10277777777777777
2 0.540625 0.2125 0.040625 0.04722222222222222
2 0.6421875 0.19583333333333333 0.034375 0.06388888888888888
2 0.6640625 0.275 0.053125 0.1
0 0.4703125 0.2777777777777778 0.015625 0.044444444444444446
0 0.69609375 0.2 0.0171875 0.05555555555555555
0 0.334375 0.5222222222222223 0.028125 0.14444444444444443
0 0.7203125 0.24722222222222223 0.01875 0.06666666666666667
0 0.26015625 0.7652777777777777 0.0421875 0.16944444444444445
0 0.5453125 0.2791666666666667 0.01875 0.05277777777777778
