1 0.8875 0.5347222222222222 0.109375 0.21944444444444444
1 0.8171875 0.2708333333333333 0.028125 0.05277777777777778
1 0.74375 0.3402777777777778 0.03125 0.06944444444444445
2 0.721875 0.1388888888888889 0.03125 0.05
2 0.88203125 0.5347222222222222 0.1171875 0.21944444444444444
2 0.4953125 0.7236111111111111 0.109375 0.24166666666666667
2 0.428125 0.32083333333333336 0.05 0.08055555555555556
0 0.7359375 0.2861111111111111 0.021875 0.03888888888888889
0 0.49140625 0.2791666666666667 0.0171875 0.06388888888888888
0 0.4703125 0.2833333333333333 0.01875 0.06111111111111111
0 0.9734375 0.42083333333333334 0.04375 0.13055555555555556
0 0.9296875 0.35 0.034375 0.1111111111111111
0 0.334375 0.5222222222222223 0.034375 0.1388888888888889
