1 0.44765625 0.2361111111111111 0.1171875 0.17777777777777778
1 0.41328125 0.7347222222222223 0.2234375 0.4361111111111111
1 0.87890625 0.20833333333333334 0.0359375 0.10555555555555556
1 0.22109375 0.3375 0.0453125 0.09166666666666666
1 0.78125 0.45694444444444443 0.04375 0.15833333333333333
1 0.67890625 0.24305555555555555 0.0359375 0.11944444444444445
1 0.27734375 0.26805555555555555 0.0390625 0.09722222222222222
1 0.734375 0.2791666666666667 0.04375 0.14166666666666666
2 0.52734375 0.07361111111111111 0.0734375 0.09166666666666666
2 0.803125 0.12361111111111112 0.1 0.175
2 0.59296875 0.5055555555555555 0.1953125 0.26666666666666666
0 0.6453125 0.10833333333333334 0.03125 0.06111111111111111
0 0.73515625 0.24305555555555555 0.0421875 0.1361111111111111
0 0.67890625 0.2111111111111111 0.0390625 0.13333333333333333
0 0.64375 0.9611111111111111 0.065625 0.07777777777777778
0 0.8765625 0.17222222222222222 0.0375 0.13333333333333333
0 0.78515625 0.4083333333333333 0.0578125 0.20555555555555555
0 0.22109375 0.28055555555555556 0.0453125 0.13333333333333333
0 0.27890625 0.2111111111111111 0.0390625 0.1111111111111111
0 0.16953125 0.28055555555555556 0.0390625 0.16666666666666666
0 0.875 0.37916666666666665 0.040625 0.20277777777777778
