1 0.88203125 0.2375 0.0359375 0.14166666666666666
1 0.19609375 0.3111111111111111 0.0484375 0.09444444444444444
1 0.8 0.1763888888888889 0.0375 0.11388888888888889
1 0.87421875 0.1125 0.0296875 0.06944444444444445
1 0.74609375 0.12777777777777777 0.0328125 0.09444444444444444
1 0.64921875 0.2791666666666667 0.0390625 0.11944444444444445
1 0.775 0.3861111111111111 0.04375 0.13333333333333333
0 0.875 0.075 0.028125 0.06111111111111111
0 0.928125 0.10138888888888889 0.034375 0.10277777777777777
0 0.8015625 0.14305555555555555 0.0375 0.11388888888888889
0 0.74609375 0.10972222222222222 0.0328125 0.10277777777777777
0 0.88203125 0.2111111111111111 0.0359375 0.1388888888888889
0 0.77578125 0.34305555555555556 0.0453125 0.15833333333333333
0 0.6484375 0.24305555555555555 0.040625 0.14166666666666666
0 0.196875 0.27361111111111114 0.05 0.14166666666666666
