1 0.6390625 0.4652777777777778 0.125 0.3416666666666667
1 0.38828125 0.4152777777777778 0.1265625 0.15833333333333333
1 0.16953125 0.4861111111111111 0.0484375 0.1111111111111111
1 0.75234375 0.25277777777777777 0.0453125 0.11666666666666667
0 0.1859375 0.3416666666666667 0.05 0.11666666666666667
0 0.184375 0.2847222222222222 0.04375 0.08611111111111111
0 0.16875 0.44027777777777777 0.046875 0.14166666666666666
0 0.3953125 0.11527777777777778 0.0375 0.09166666666666666
0 0.3953125 0.38472222222222224 0.05 0.18611111111111112
0 0.75390625 0.20416666666666666 0.0453125 0.1527777777777778
0 0.6 0.7638888888888888 0.0625 0.2833333333333333
0 0.71875 0.5166666666666667 0.090625 0.16111111111111112
