1 0.27734375 0.8041666666666667 0.1109375 0.18055555555555555
1 0.82109375 0.2152777777777778 0.0734375 0.09722222222222222
1 0.646875 0.1763888888888889 0.03125 0.058333333333333334
1 0.5328125 0.6916666666666667 0.040625 0.1111111111111111
1 0.91953125 0.5083333333333333 0.0453125 0.10555555555555556
1 0.68359375 0.38472222222222224 0.0359375 0.10277777777777777
1 0.52890625 0.2388888888888889 0.0171875 0.03888888888888889
2 0.46796875 0.24861111111111112 0.0296875 0.058333333333333334
2 0.7203125 0.1388888888888889 0.0375 0.05555555555555555
2 0.6765625 0.1 0.03125 0.044444444444444446
2 0.43828125 0.2986111111111111 0.0453125 0.06944444444444445
0 0.96953125 0.41388888888888886 0.0359375 0.1388888888888889
0 0.9125 0.4222222222222222 0.028125 0.06111111111111111
0 0.91640625 0.4444444444444444 0.0359375 0.10555555555555556
0 0.7625 0.35833333333333334 0.025 0.05555555555555555
0 0.52890625 0.6291666666666667 0.0453125 0.10277777777777777
