1 0.6109375 0.2 0.025 0.05
1 0.66484375 0.2777777777777778 0.0203125 0.05
1 0.48984375 0.3680555555555556 0.0203125 0.04722222222222222
1 0.88828125 0.44166666666666665 0.0671875 0.10555555555555556
1 0.696875 0.1986111111111111 0.015625 0.058333333333333334
1 0.7921875 0.34444444444444444 0.034375 0.1
1 0.48671875 0.3472222222222222 0.0234375 0.06111111111111111
1 0.5125 0.28055555555555556 0.021875 0.05
1 0.75078125 0.4083333333333333 0.0359375 0.1
1 0.66796875 0.3055555555555556 0.0234375 0.05555555555555555
2 0.28046875 0.8138888888888889 0.0984375 0.09444444444444444
2 0.525 0.525 0.071875 0.14444444444444443
2 0.39609375 0.5069444444444444 0.0671875 0.1361111111111111
2 0.396875 0.4041666666666667 0.0625 0.09166666666666666
2 0.4296875 0.3236111111111111 0.046875 0.075
0 0.5125 0.28055555555555556 0.021875 0.05
0 0.2953125 0.6486111111111111 0.028125 0.058333333333333334
0 0.69609375 0.1875 0.0171875 0.058333333333333334
0 0.6609375 0.18333333333333332 0.0125 0.05
0 0.89609375 0.38333333333333336 0.0328125 0.10555555555555556
0 0.74765625 0.38055555555555554 0.0359375 0.1
0 0.73828125 0.3458333333333333 0.0203125 0.05277777777777778
0 0.66484375 0.2777777777777778 0.0203125 0.05
0 0.29375 0.925 0.06875 0.15
0 0.48671875 0.3472222222222222 0.0234375 0.06111111111111111
