1 0.5328125 0.34305555555555556 0.025 0.05277777777777778
1 0.54140625 0.37083333333333335 0.0234375 0.04722222222222222
1 0.49140625 0.5166666666666667 0.0265625 0.06666666666666667
1 0.53359375 0.725 0.0609375 0.11666666666666667
2 0.72265625 0.14722222222222223 0.0328125 0.05555555555555555
2 0.540625 0.24861111111111112 0.0375 0.05277777777777778
0 0.484375 0.45694444444444443 0.028125 0.04722222222222222
0 0.4703125 0.28055555555555556 0.015625 0.05
0 0.4375 0.3888888888888889 0.03125 0.10555555555555556
0 0.52578125 0.6847222222222222 0.0484375 0.1527777777777778
0 0.48828125 0.48333333333333334 0.0328125 0.1
0 0.95859375 0.8333333333333334 0.0609375 0.2111111111111111
