1 0.53359375 0.2847222222222222 0.0203125 0.05277777777777778
1 0.53515625 0.30277777777777776 0.0203125 0.044444444444444446
1 0.60390625 0.20416666666666666 0.0203125 0.041666666666666664
1 0.68046875 0.18333333333333332 0.0359375 0.05555555555555555
1 0.628125 0.1763888888888889 0.01875 0.041666666666666664
1 0.50234375 0.3472222222222222 0.0265625 0.06666666666666667
2 0.7203125 0.14166666666666666 0.03125 0.05555555555555555
0 0.4515625 0.3138888888888889 0.021875 0.06111111111111111
0 0.37734375 0.5180555555555556 0.0453125 0.14722222222222223
0 0.53359375 0.2847222222222222 0.0203125 0.05277777777777778
0 0.4328125 0.38333333333333336 0.021875 0.07777777777777778
0 0.50234375 0.3472222222222222 0.0265625 0.06666666666666667
