1 0.4125 0.6805555555555556 0.0875 0.19444444444444445
1 0.8328125 0.21666666666666667 0.065625 0.08888888888888889
1 0.54296875 0.7833333333333333 0.0421875 0.09444444444444444
1 0.83671875 0.725 0.0484375 0.1388888888888889
1 0.7015625 0.20694444444444443 0.021875 0.058333333333333334
1 0.91484375 0.5125 0.0453125 0.11388888888888889
2 0.27890625 0.8222222222222222 0.1015625 0.12777777777777777
2 0.53515625 0.3388888888888889 0.0453125 0.1111111111111111
2 0.4125 0.6805555555555556 0.0875 0.19444444444444445
2 0.6765625 0.09861111111111111 0.034375 0.04722222222222222
2 0.43046875 0.32083333333333336 0.0484375 0.075
2 0.4078125 0.39166666666666666 0.04375 0.09444444444444444
2 0.7203125 0.14166666666666666 0.040625 0.05555555555555555
2 0.515625 0.4597222222222222 0.071875 0.14166666666666666
0 0.8171875 0.6138888888888889 0.0375 0.11666666666666667
0 0.35703125 0.5958333333333333 0.0328125 0.09722222222222222
0 0.91015625 0.44722222222222224 0.0421875 0.10555555555555556
0 0.91640625 0.35 0.0359375 0.08888888888888889
0 0.8328125 0.6569444444444444 0.05 0.14722222222222223
0 0.51171875 0.6222222222222222 0.0421875 0.11666666666666667
