1 0.375 0.25833333333333336 0.121875 0.2111111111111111
1 0.803125 0.3055555555555556 0.1 0.2222222222222222
1 0.471875 0.16527777777777777 0.128125 0.18055555555555555
3 0.375 0.25833333333333336 0.121875 0.2111111111111111
3 0.3234375 0.19722222222222222 0.084375 0.20555555555555555
1 0.85390625 0.1 0.0265625 0.07222222222222222
1 0.68828125 0.16527777777777777 0.0359375 0.10277777777777777
1 0.20078125 0.35 0.0640625 0.10555555555555556
2 0.09609375 0.55 0.1859375 0.2388888888888889
0 0.6875 0.14166666666666666 0.0375 0.12222222222222222
0 0.0328125 0.8944444444444445 0.059375 0.18333333333333332
0 0.20078125 0.30694444444444446 0.0484375 0.14722222222222223
0 0.8921875 0.3402777777777778 0.034375 0.18055555555555555
0 0.5515625 0.8972222222222223 0.071875 0.19444444444444445
