1 0.66796875 0.2708333333333333 0.0484375 0.06944444444444445
1 0.51484375 0.24166666666666667 0.0203125 0.05
1 0.8 0.24027777777777778 0.028125 0.041666666666666664
1 0.89921875 0.30833333333333335 0.0296875 0.05555555555555555
1 0.5515625 0.2 0.01875 0.044444444444444446
1 0.81640625 0.2722222222222222 0.0265625 0.05
1 0.7390625 0.2763888888888889 0.025 0.05277777777777778
2 0.72109375 0.14166666666666666 0.0296875 0.044444444444444446
2 0.6234375 0.19444444444444445 0.04375 0.06666666666666667
2 0.43203125 0.32083333333333336 0.0640625 0.08055555555555556
2 0.51640625 0.4513888888888889 0.0765625 0.1527777777777778
2 0.49453125 0.6888888888888889 0.1265625 0.22777777777777777
0 0.68359375 0.2111111111111111 0.0234375 0.03888888888888889
0 0.33515625 0.5194444444444445 0.0359375 0.14444444444444443
0 0.44609375 0.4125 0.0171875 0.075
0 0.953125 0.3736111111111111 0.03125 0.11944444444444445
0 0.7359375 0.24861111111111112 0.025 0.05277777777777778
0 0.37265625 0.8333333333333334 0.0609375 0.1388888888888889
