1 0.8203125 0.21388888888888888 0.075 0.1
1 0.49375 0.24583333333333332 0.015625 0.041666666666666664
1 0.534375 0.2375 0.01875 0.041666666666666664
1 0.70546875 0.24722222222222223 0.0390625 0.08333333333333333
1 0.6703125 0.30833333333333335 0.028125 0.05555555555555555
1 0.65078125 0.20277777777777778 0.0234375 0.05
1 0.890625 0.47638888888888886 0.040625 0.10833333333333334
2 0.72109375 0.14166666666666666 0.0359375 0.05555555555555555
2 0.40859375 0.3888888888888889 0.0453125 0.1
2 0.43828125 0.3013888888888889 0.0453125 0.06944444444444445
0 0.91328125 0.2013888888888889 0.0171875 0.06944444444444445
0 0.52734375 0.2111111111111111 0.0171875 0.03888888888888889
0 0.88125 0.4125 0.0375 0.10277777777777777
0 0.88828125 0.45 0.0421875 0.14444444444444443
0 0.4703125 0.28055555555555556 0.015625 0.05555555555555555
0 0.66640625 0.2777777777777778 0.0234375 0.05
0 0.35 0.6875 0.04375 0.14166666666666666
