1 0.6359375 0.1763888888888889 0.11875 0.20833333333333334
1 0.6 0.26944444444444443 0.14375 0.2777777777777778
1 0.66328125 0.5541666666666667 0.0484375 0.15833333333333333
1 0.45546875 0.8847222222222222 0.0859375 0.21944444444444444
2 0.315625 0.35555555555555557 0.153125 0.20555555555555555
0 0.66484375 0.44305555555555554 0.0484375 0.125
0 0.665625 0.4777777777777778 0.065625 0.2111111111111111
0 0.28359375 0.2013888888888889 0.0390625 0.09166666666666666
0 0.953125 0.18333333333333332 0.028125 0.16111111111111112
0 0.92734375 0.18472222222222223 0.0359375 0.16944444444444445
0 0.83671875 0.2 0.0328125 0.16111111111111112
0 0.45859375 0.8097222222222222 0.0859375 0.25833333333333336
