1 0.5140625 0.30972222222222223 0.025 0.05277777777777778
1 0.49453125 0.8916666666666667 0.0453125 0.10555555555555556
1 0.7515625 0.44722222222222224 0.034375 0.10555555555555556
1 0.5265625 0.34305555555555556 0.028125 0.05277777777777778
1 0.66796875 0.2111111111111111 0.0203125 0.05
1 0.80390625 0.3416666666666667 0.0390625 0.09444444444444444
1 0.875 0.6569444444444444 0.046875 0.1527777777777778
2 0.43828125 0.3 0.0453125 0.06666666666666667
2 0.7046875 0.17222222222222222 0.04375 0.05555555555555555
0 0.7453125 0.4166666666666667 0.034375 0.11666666666666667
0 0.73984375 0.3819444444444444 0.0265625 0.058333333333333334
0 0.48984375 0.8208333333333333 0.0671875 0.175
0 0.52109375 0.4791666666666667 0.0359375 0.10833333333333334
0 0.87109375 0.5888888888888889 0.0484375 0.15
