1 0.69609375 0.1736111111111111 0.0171875 0.05277777777777778
1 0.47734375 0.5736111111111111 0.0296875 0.058333333333333334
1 0.49140625 0.44722222222222224 0.0265625 0.06111111111111111
1 0.565625 0.7888888888888889 0.04375 0.11666666666666667
1 0.82265625 0.5069444444444444 0.0421875 0.08611111111111111
2 0.4078125 0.3888888888888889 0.04375 0.1
2 0.67734375 0.1 0.0328125 0.05
2 0.521875 0.2361111111111111 0.03125 0.06111111111111111
2 0.4296875 0.32083333333333336 0.046875 0.08055555555555556
2 0.72109375 0.14027777777777778 0.0390625 0.058333333333333334
0 0.55390625 0.6888888888888889 0.0421875 0.09444444444444444
0 0.81171875 0.41944444444444445 0.0296875 0.06666666666666667
0 0.83828125 0.3125 0.0234375 0.06388888888888888
0 0.39453125 0.6208333333333333 0.0328125 0.11944444444444445
0 0.475 0.5097222222222222 0.028125 0.06388888888888888
0 0.815625 0.4444444444444444 0.034375 0.10555555555555556
0 0.4859375 0.4166666666666667 0.025 0.06111111111111111
0 0.371875 0.6208333333333333 0.0375 0.13055555555555556
0 0.56171875 0.7194444444444444 0.0515625 0.12777777777777777
