1 0.79609375 0.6888888888888889 0.1203125 0.28888888888888886
1 0.525 0.5194444444444445 0.025 0.06666666666666667
1 0.48984375 0.4888888888888889 0.0234375 0.06111111111111111
1 0.7890625 0.4875 0.04375 0.125
1 0.73203125 0.37222222222222223 0.0328125 0.1
2 0.396875 0.4041666666666667 0.059375 0.08611111111111111
2 0.47265625 0.25 0.0296875 0.05
2 0.428125 0.32083333333333336 0.04375 0.075
2 0.525 0.3486111111111111 0.05625 0.08055555555555556
0 0.3328125 0.5208333333333334 0.028125 0.13055555555555556
0 0.725 0.21666666666666667 0.01875 0.06666666666666667
0 0.52109375 0.49027777777777776 0.0359375 0.10833333333333334
0 0.48515625 0.4486111111111111 0.0265625 0.075
