3 0.24453125 0.2375 0.0953125 0.21944444444444444
3 0.06328125 0.20833333333333334 0.1265625 0.22777777777777777
1 0.6265625 0.24305555555555555 0.040625 0.10833333333333334
2 0.39140625 0.1486111111111111 0.0640625 0.13055555555555556
0 0.64609375 0.3458333333333333 0.0453125 0.14722222222222223
0 0.45625 0.14722222222222223 0.034375 0.13333333333333333
0 0.62890625 0.1763888888888889 0.0390625 0.11944444444444445
0 0.8625 0.18333333333333332 0.03125 0.15
0 0.69375 0.4722222222222222 0.05625 0.21666666666666667
0 0.83828125 0.6111111111111112 0.0546875 0.25555555555555554
