1 0.8171875 0.21666666666666667 0.078125 0.08333333333333333
1 0.95234375 0.3375 0.0734375 0.075
1 0.54609375 0.20694444444444443 0.0140625 0.03611111111111111
1 0.6109375 0.2013888888888889 0.025 0.041666666666666664
1 0.6703125 0.20277777777777778 0.01875 0.05
1 0.5296875 0.4041666666666667 0.01875 0.05277777777777778
1 0.5296875 0.24166666666666667 0.015625 0.044444444444444446
1 0.7578125 0.3138888888888889 0.025 0.07222222222222222
1 0.4859375 0.4111111111111111 0.021875 0.06111111111111111
1 0.80546875 0.5458333333333333 0.0421875 0.10833333333333334
2 0.721875 0.14166666666666666 0.025 0.044444444444444446
2 0.74140625 0.15 0.0390625 0.05
2 0.39765625 0.3875 0.0609375 0.11388888888888889
2 0.47578125 0.25416666666666665 0.0453125 0.075
2 0.6765625 0.11388888888888889 0.03125 0.044444444444444446
2 0.4015625 0.7222222222222222 0.09375 0.2222222222222222
2 0.43828125 0.3013888888888889 0.0453125 0.06944444444444445
0 0.36953125 0.5083333333333333 0.0171875 0.08333333333333333
0 0.53046875 0.3819444444444444 0.0234375 0.06388888888888888
0 0.30078125 0.5222222222222223 0.0265625 0.12222222222222222
0 0.25546875 0.8972222222222223 0.0421875 0.11666666666666667
0 0.33203125 0.5152777777777777 0.0265625 0.13055555555555556
0 0.39765625 0.4888888888888889 0.0234375 0.08888888888888889
0 0.528125 0.3527777777777778 0.021875 0.05
0 0.75546875 0.28055555555555556 0.0234375 0.06111111111111111
0 0.484375 0.3861111111111111 0.021875 0.07222222222222222
0 0.8 0.45694444444444443 0.04375 0.08611111111111111
