1 0.45625 0.6527777777777778 0.0375 0.11666666666666667
1 0.5328125 0.16944444444444445 0.015625 0.03888888888888889
1 0.55078125 0.4152777777777778 0.0265625 0.06944444444444445
2 0.6796875 0.10972222222222222 0.025 0.041666666666666664
2 0.7203125 0.14027777777777778 0.03125 0.04722222222222222
0 0.73671875 0.17777777777777778 0.0171875 0.05555555555555555
0 0.546875 0.3861111111111111 0.025 0.05555555555555555
0 0.4484375 0.5902777777777778 0.021875 0.04722222222222222
0 0.48984375 0.3527777777777778 0.0203125 0.05
0 0.65625 0.3597222222222222 0.028125 0.09722222222222222
0 0.50703125 0.24166666666666667 0.0171875 0.05555555555555555
0 0.3984375 0.6166666666666667 0.034375 0.11666666666666667
