1 0.371875 0.5472222222222223 0.0875 0.2111111111111111
1 0.79609375 0.24305555555555555 0.0265625 0.05277777777777778
1 0.53203125 0.3055555555555556 0.0171875 0.044444444444444446
1 0.51328125 0.3388888888888889 0.0203125 0.05
1 0.70234375 0.2 0.0171875 0.044444444444444446
1 0.68671875 0.3125 0.0265625 0.05277777777777778
2 0.7234375 0.14166666666666666 0.03125 0.044444444444444446
2 0.74140625 0.14305555555555555 0.0421875 0.04722222222222222
0 0.95078125 0.42083333333333334 0.0296875 0.14166666666666666
0 0.51328125 0.3194444444444444 0.0203125 0.05
0 0.96328125 0.42083333333333334 0.0265625 0.13055555555555556
0 0.44375 0.3402777777777778 0.015625 0.05277777777777778
0 0.93828125 0.4222222222222222 0.0265625 0.13333333333333333
0 0.70078125 0.18194444444444444 0.0171875 0.04722222222222222
0 0.85078125 0.32083333333333336 0.0234375 0.05277777777777778
0 0.68359375 0.275 0.0234375 0.05
