1 0.63203125 0.2013888888888889 0.0234375 0.05277777777777778
1 0.97734375 0.7166666666666667 0.0390625 0.13333333333333333
1 0.953125 0.3388888888888889 0.078125 0.08333333333333333
2 0.52421875 0.2125 0.0296875 0.04722222222222222
2 0.584375 0.10138888888888889 0.025 0.03611111111111111
2 0.6359375 0.20694444444444443 0.025 0.05277777777777778
2 0.4734375 0.2638888888888889 0.034375 0.05555555555555555
2 0.4078125 0.3875 0.046875 0.09166666666666666
2 0.70625 0.32222222222222224 0.078125 0.15
2 0.52578125 0.3333333333333333 0.0484375 0.1
2 0.715625 0.1375 0.03125 0.05277777777777778
2 0.67734375 0.09861111111111111 0.0328125 0.04722222222222222
2 0.4390625 0.2986111111111111 0.046875 0.06388888888888888
0 0.975 0.6472222222222223 0.040625 0.18888888888888888
