1 0.4796875 0.6527777777777778 0.146875 0.40555555555555556
1 0.1390625 0.5277777777777778 0.15 0.31666666666666665
1 0.496875 0.11666666666666667 0.0625 0.12777777777777777
1 0.63984375 0.2 0.1234375 0.2222222222222222
3 0.13828125 0.5319444444444444 0.1484375 0.28055555555555556
3 0.3234375 0.20416666666666666 0.09375 0.20277777777777778
1 0.196875 0.33194444444444443 0.034375 0.08611111111111111
1 0.9015625 0.2777777777777778 0.03125 0.1388888888888889
2 0.79140625 0.2013888888888889 0.1140625 0.20277777777777778
0 0.6421875 0.9625 0.06875 0.075
0 0.721875 0.1361111111111111 0.03125 0.1388888888888889
0 0.90546875 0.2013888888888889 0.0484375 0.24166666666666667
0 0.196875 0.2777777777777778 0.03125 0.12777777777777777
