2 0.80078125 0.2361111111111111 0.0328125 0.044444444444444446
2 0.4515625 0.3111111111111111 0.034375 0.06666666666666667
2 0.546875 0.18611111111111112 0.0375 0.03888888888888889
2 0.40703125 0.4 0.0421875 0.1
2 0.65546875 0.23194444444444445 0.0359375 0.058333333333333334
2 0.69921875 0.3472222222222222 0.0734375 0.1388888888888889
0 0.82890625 0.28194444444444444 0.0234375 0.058333333333333334
0 0.54453125 0.24583333333333332 0.0171875 0.04722222222222222
0 0.70390625 0.20972222222222223 0.0171875 0.05277777777777778
0 0.259375 0.7638888888888888 0.04375 0.17222222222222222
0 0.74375 0.2763888888888889 0.021875 0.08055555555555556
