1 0.51640625 0.2375 0.0171875 0.04722222222222222
1 0.25859375 0.8208333333333333 0.1296875 0.19722222222222222
1 0.53359375 0.17222222222222222 0.0171875 0.044444444444444446
1 0.521875 0.6569444444444444 0.040625 0.09722222222222222
1 0.48515625 0.30416666666666664 0.0203125 0.04722222222222222
1 0.4390625 0.7180555555555556 0.0375 0.11388888888888889
1 0.83671875 0.5763888888888888 0.0453125 0.13055555555555556
2 0.684375 0.09722222222222222 0.028125 0.044444444444444446
2 0.63046875 0.20416666666666666 0.0359375 0.06388888888888888
2 0.471875 0.24583333333333332 0.03125 0.04722222222222222
2 0.40703125 0.3888888888888889 0.0421875 0.09444444444444444
2 0.72265625 0.14027777777777778 0.0390625 0.05277777777777778
2 0.43046875 0.32083333333333336 0.0484375 0.075
2 0.5203125 0.42083333333333334 0.078125 0.15833333333333333
0 0.51640625 0.2375 0.0171875 0.04722222222222222
0 0.53359375 0.17222222222222222 0.0171875 0.044444444444444446
0 0.334375 0.5180555555555556 0.03125 0.13055555555555556
0 0.83046875 0.5152777777777777 0.0484375 0.1361111111111111
0 0.51328125 0.5930555555555556 0.0421875 0.09722222222222222
0 0.4328125 0.6555555555555556 0.04375 0.11666666666666667
