1 0.51015625 0.26666666666666666 0.0171875 0.03888888888888889
1 0.93203125 0.6611111111111111 0.0515625 0.15555555555555556
1 0.9765625 0.5805555555555556 0.040625 0.12222222222222222
1 0.746875 0.4444444444444444 0.034375 0.1
1 0.5265625 0.4111111111111111 0.025 0.06111111111111111
2 0.53515625 0.23194444444444445 0.0390625 0.058333333333333334
2 0.72109375 0.14027777777777778 0.0296875 0.05277777777777778
2 0.46796875 0.2513888888888889 0.0296875 0.058333333333333334
2 0.396875 0.40694444444444444 0.065625 0.11388888888888889
2 0.4375 0.3 0.046875 0.07222222222222222
0 0.7375 0.3861111111111111 0.025 0.06111111111111111
0 0.334375 0.5180555555555556 0.03125 0.1527777777777778
0 0.50625 0.24861111111111112 0.01875 0.05277777777777778
0 0.92578125 0.5777777777777777 0.0453125 0.16111111111111112
0 0.971875 0.5194444444444445 0.040625 0.12777777777777777
0 0.5234375 0.38055555555555554 0.025 0.06111111111111111
0 0.36953125 0.8263888888888888 0.0546875 0.15833333333333333
0 0.55546875 0.9 0.0640625 0.14444444444444443
0 0.74375 0.41388888888888886 0.034375 0.1111111111111111
