1 0.5296875 0.2763888888888889 0.03125 0.05277777777777778
1 0.53125 0.3472222222222222 0.025 0.06666666666666667
1 0.77265625 0.3819444444444444 0.0484375 0.14722222222222223
1 0.8328125 0.375 0.040625 0.1111111111111111
1 0.6859375 0.24166666666666667 0.025 0.05555555555555555
1 0.85546875 0.6569444444444444 0.0484375 0.14722222222222223
2 0.58828125 0.09583333333333334 0.0265625 0.03611111111111111
2 0.396875 0.4083333333333333 0.06875 0.1
2 0.71484375 0.16527777777777777 0.0453125 0.075
2 0.43828125 0.2986111111111111 0.0453125 0.06944444444444445
2 0.67578125 0.09722222222222222 0.0328125 0.05
0 0.53125 0.3472222222222222 0.025 0.06666666666666667
0 0.83359375 0.3541666666666667 0.0328125 0.11944444444444445
0 0.46640625 0.3458333333333333 0.0203125 0.06944444444444445
0 0.5015625 0.5777777777777777 0.04375 0.1111111111111111
0 0.51484375 0.6777777777777778 0.0453125 0.13333333333333333
0 0.8421875 0.5888888888888889 0.040625 0.15555555555555556
