1 0.9515625 0.3388888888888889 0.071875 0.07777777777777778
1 0.85859375 0.24166666666666667 0.0640625 0.07777777777777778
1 0.4875 0.7541666666666667 0.04375 0.09722222222222222
1 0.5515625 0.6861111111111111 0.04375 0.1
1 0.72734375 0.34305555555555556 0.0328125 0.09166666666666666
1 0.6265625 0.24722222222222223 0.01875 0.05555555555555555
1 0.48671875 0.33611111111111114 0.0234375 0.044444444444444446
1 0.5328125 0.5083333333333333 0.0375 0.09444444444444444
1 0.6671875 0.24444444444444444 0.025 0.06111111111111111
2 0.39609375 0.40555555555555556 0.0671875 0.1111111111111111
2 0.71328125 0.16805555555555557 0.0515625 0.058333333333333334
2 0.4375 0.3013888888888889 0.046875 0.06944444444444445
2 0.80546875 0.5388888888888889 0.1359375 0.2833333333333333
0 0.4921875 0.2791666666666667 0.021875 0.04722222222222222
0 0.3875 0.5708333333333333 0.021875 0.11388888888888889
0 0.525 0.45 0.028125 0.05
0 0.7234375 0.30972222222222223 0.025 0.058333333333333334
0 0.56484375 0.31666666666666665 0.0171875 0.06111111111111111
0 0.5296875 0.4875 0.034375 0.10833333333333334
0 0.5328125 0.3125 0.01875 0.05277777777777778
0 0.2640625 0.7916666666666666 0.065625 0.24444444444444444
0 0.54921875 0.6458333333333334 0.0453125 0.125
0 0.9109375 0.35694444444444445 0.025 0.11944444444444445
0 0.475 0.6902777777777778 0.04375 0.13055555555555556
