1 0.7546875 0.2611111111111111 0.0875 0.23333333333333334
1 0.67890625 0.20555555555555555 0.1484375 0.25555555555555554
1 0.8609375 0.2 0.075 0.23333333333333334
1 0.696875 0.6194444444444445 0.059375 0.2111111111111111
0 0.4109375 0.14444444444444443 0.03125 0.11666666666666667
0 0.4125 0.11388888888888889 0.021875 0.06111111111111111
0 0.3734375 0.14027777777777778 0.028125 0.11388888888888889
0 0.696875 0.5361111111111111 0.05625 0.25
0 0.6875 0.8805555555555555 0.084375 0.21666666666666667
0 0.25625 0.17916666666666667 0.040625 0.14722222222222223
