1 0.27734375 0.21666666666666667 0.0921875 0.21666666666666667
1 0.51171875 0.7375 0.1609375 0.44722222222222224
1 0.815625 0.17777777777777778 0.06875 0.1111111111111111
1 0.24609375 0.44305555555555554 0.1203125 0.14722222222222223
1 0.728125 0.12638888888888888 0.034375 0.09722222222222222
1 0.2234375 0.7138888888888889 0.08125 0.18888888888888888
1 0.7328125 0.44583333333333336 0.053125 0.14722222222222223
2 0.5390625 0.1486111111111111 0.1 0.175
0 0.796875 0.14444444444444443 0.034375 0.14444444444444443
0 0.22734375 0.38472222222222224 0.0390625 0.14722222222222223
0 0.225 0.5847222222222223 0.0625 0.11944444444444445
0 0.72734375 0.1111111111111111 0.0328125 0.1111111111111111
0 0.8140625 0.14444444444444443 0.034375 0.15555555555555556
0 0.4421875 0.5444444444444444 0.065625 0.22777777777777777
0 0.94375 0.14166666666666666 0.0375 0.15
0 0.7328125 0.3736111111111111 0.05 0.175
