1 0.8171875 0.2708333333333333 0.028125 0.05277777777777778
1 0.9671875 0.7430555555555556 0.0625 0.24166666666666667
1 0.67109375 0.2388888888888889 0.0234375 0.06111111111111111
1 0.73203125 0.31805555555555554 0.0359375 0.09722222222222222
1 0.64140625 0.20416666666666666 0.0171875 0.04722222222222222
1 0.46796875 0.3111111111111111 0.0203125 0.05555555555555555
1 0.52578125 0.2388888888888889 0.0203125 0.03888888888888889
2 0.71953125 0.14027777777777778 0.0328125 0.05277777777777778
0 0.46796875 0.3111111111111111 0.0203125 0.05555555555555555
0 0.42734375 0.41388888888888886 0.0328125 0.1
0 0.4578125 0.4111111111111111 0.01875 0.07222222222222222
