1 0.71328125 0.23472222222222222 0.0421875 0.09722222222222222
1 0.66640625 0.1361111111111111 0.0140625 0.03888888888888889
1 0.4953125 0.3111111111111111 0.021875 0.05
1 0.48203125 0.41388888888888886 0.0234375 0.06666666666666667
1 0.5265625 0.24583333333333332 0.028125 0.04722222222222222
1 0.39921875 0.5777777777777777 0.0328125 0.10555555555555556
2 0.471875 0.24861111111111112 0.03125 0.05277777777777778
2 0.72265625 0.14444444444444443 0.0421875 0.05555555555555555
2 0.396875 0.4027777777777778 0.0625 0.08888888888888889
2 0.42890625 0.3194444444444444 0.0453125 0.07222222222222222
2 0.4171875 0.9402777777777778 0.209375 0.09722222222222222
0 0.39375 0.5194444444444445 0.025 0.06111111111111111
0 0.66640625 0.1361111111111111 0.0140625 0.03888888888888889
0 0.48203125 0.3888888888888889 0.0234375 0.07222222222222222
0 0.4953125 0.3111111111111111 0.021875 0.05
0 0.334375 0.5208333333333334 0.03125 0.125
