1 0.42265625 0.7958333333333333 0.2078125 0.38055555555555554
1 0.1640625 0.3458333333333333 0.10625 0.2361111111111111
1 0.61875 0.8833333333333333 0.16875 0.21666666666666667
1 0.484375 0.5388888888888889 0.065625 0.15
1 0.38125 0.3347222222222222 0.040625 0.09166666666666666
1 0.73828125 0.1763888888888889 0.0359375 0.125
1 0.32265625 0.5875 0.0640625 0.15833333333333333
2 0.4765625 0.12083333333333333 0.09375 0.13055555555555556
0 0.4859375 0.4791666666666667 0.065625 0.19722222222222222
0 0.3234375 0.4777777777777778 0.059375 0.12777777777777777
0 0.73984375 0.14305555555555555 0.0359375 0.125
0 0.38125 0.2763888888888889 0.046875 0.15833333333333333
0 0.9109375 0.6777777777777778 0.065625 0.25
