1 0.7234375 0.1375 0.121875 0.19166666666666668
1 0.84296875 0.09861111111111111 0.0359375 0.10277777777777777
1 0.97421875 0.16944444444444445 0.0484375 0.1
1 0.915625 0.2375 0.03125 0.13055555555555556
1 0.86328125 0.24166666666666667 0.0390625 0.14444444444444443
2 0.2625 0.3888888888888889 0.19375 0.23333333333333334
0 0.7640625 0.3527777777777778 0.046875 0.09444444444444444
0 0.5484375 0.10972222222222222 0.0375 0.10833333333333334
0 0.86328125 0.2152777777777778 0.0421875 0.1361111111111111
0 0.3875 0.20972222222222223 0.040625 0.13055555555555556
0 0.91484375 0.2111111111111111 0.0328125 0.17222222222222222
0 0.1515625 0.22083333333333333 0.028125 0.1638888888888889
