1 0.51171875 0.30694444444444446 0.0171875 0.041666666666666664
1 0.64296875 0.23055555555555557 0.0140625 0.03888888888888889
1 0.5234375 0.34444444444444444 0.025 0.05555555555555555
1 0.640625 0.21388888888888888 0.015625 0.05
1 0.91953125 0.4513888888888889 0.0390625 0.11388888888888889
2 0.47265625 0.24166666666666667 0.0328125 0.044444444444444446
2 0.69765625 0.21388888888888888 0.0296875 0.06666666666666667
2 0.67734375 0.11805555555555555 0.0296875 0.04722222222222222
2 0.60625 0.20416666666666666 0.028125 0.041666666666666664
2 0.7421875 0.15 0.040625 0.05
2 0.7234375 0.14444444444444443 0.025 0.044444444444444446
2 0.39609375 0.3902777777777778 0.0640625 0.11388888888888889
2 0.43828125 0.3 0.0453125 0.06666666666666667
0 0.640625 0.21388888888888888 0.015625 0.05
0 0.91171875 0.38055555555555554 0.0234375 0.05555555555555555
0 0.5078125 0.2861111111111111 0.015625 0.03888888888888889
0 0.51171875 0.30694444444444446 0.0171875 0.041666666666666664
0 0.34921875 0.7125 0.0421875 0.14722222222222223
0 0.30390625 0.7319444444444444 0.0390625 0.14722222222222223
