1 0.853125 0.1486111111111111 0.08125 0.19722222222222222
1 0.659375 0.19166666666666668 0.1125 0.2222222222222222
1 0.16171875 0.3819444444444444 0.0640625 0.11944444444444445
1 0.728125 0.37777777777777777 0.04375 0.1388888888888889
1 0.35234375 0.7458333333333333 0.0828125 0.21944444444444444
2 0.540625 0.14305555555555555 0.103125 0.16944444444444445
0 0.01640625 0.2777777777777778 0.0296875 0.1388888888888889
0 0.975 0.2652777777777778 0.05 0.4027777777777778
0 0.94609375 0.35 0.0390625 0.18333333333333332
0 0.16171875 0.3486111111111111 0.0515625 0.1527777777777778
0 0.72578125 0.3458333333333333 0.0453125 0.15833333333333333
0 0.3546875 0.6708333333333333 0.090625 0.23055555555555557
