1 0.31328125 0.1986111111111111 0.0453125 0.08611111111111111
1 0.1875 0.41388888888888886 0.05625 0.1
1 0.78046875 0.20972222222222223 0.0359375 0.11388888888888889
1 0.659375 0.2722222222222222 0.040625 0.1111111111111111
1 0.14765625 0.8069444444444445 0.0921875 0.225
1 0.52890625 0.38472222222222224 0.0421875 0.13055555555555556
2 0.43359375 0.2111111111111111 0.1421875 0.16666666666666666
1 0.31328125 0.1986111111111111 0.0453125 0.08611111111111111
1 0.20078125 0.2513888888888889 0.0578125 0.08055555555555556
0 0.14375 0.6777777777777778 0.075 0.16111111111111112
0 0.6625 0.2152777777777778 0.040625 0.125
0 0.18203125 0.3472222222222222 0.0546875 0.16666666666666666
0 0.2 0.20694444444444443 0.0375 0.11388888888888889
0 0.78046875 0.1763888888888889 0.0359375 0.11944444444444445
0 0.31171875 0.15 0.0359375 0.12777777777777777
0 0.528125 0.3111111111111111 0.046875 0.15
