1 0.7765625 0.5444444444444444 0.146875 0.2722222222222222
1 0.8421875 0.3333333333333333 0.05625 0.12777777777777777
1 0.89921875 0.30972222222222223 0.0296875 0.058333333333333334
1 0.6625 0.23055555555555557 0.01875 0.05
1 0.72578125 0.31527777777777777 0.0359375 0.08611111111111111
1 0.49453125 0.30416666666666664 0.0203125 0.05277777777777778
1 0.40390625 0.4736111111111111 0.0453125 0.08611111111111111
1 0.659375 0.21666666666666667 0.021875 0.05555555555555555
1 0.46953125 0.5180555555555556 0.0265625 0.06388888888888888
2 0.72109375 0.14027777777777778 0.0359375 0.05277777777777778
0 0.71875 0.2833333333333333 0.021875 0.03888888888888889
0 0.5125 0.20833333333333334 0.015625 0.05
0 0.659375 0.21666666666666667 0.021875 0.05555555555555555
0 0.4640625 0.4847222222222222 0.03125 0.10833333333333334
