1 0.80078125 0.24583333333333332 0.0265625 0.06388888888888888
1 0.6734375 0.35694444444444445 0.034375 0.09722222222222222
1 0.81171875 0.475 0.0390625 0.1
1 0.6875 0.24861111111111112 0.025 0.06388888888888888
1 0.6421875 0.2708333333333333 0.025 0.04722222222222222
1 0.6609375 0.2013888888888889 0.021875 0.04722222222222222
2 0.428125 0.32222222222222224 0.046875 0.07777777777777778
2 0.52890625 0.24861111111111112 0.0421875 0.05277777777777778
0 0.6703125 0.3541666666666667 0.034375 0.09722222222222222
0 0.6875 0.24861111111111112 0.025 0.06388888888888888
0 0.809375 0.44583333333333336 0.040625 0.13055555555555556
0 0.334375 0.5222222222222223 0.034375 0.1388888888888889
0 0.48828125 0.28055555555555556 0.0171875 0.05
