1 0.5453125 0.18055555555555555 0.01875 0.044444444444444446
1 0.9515625 0.3375 0.071875 0.075
1 0.7203125 0.24305555555555555 0.021875 0.05277777777777778
2 0.5078125 0.35138888888888886 0.0625 0.10833333333333334
2 0.74453125 0.16666666666666666 0.0328125 0.05
2 0.74375 0.1486111111111111 0.034375 0.04722222222222222
2 0.72265625 0.14166666666666666 0.0296875 0.044444444444444446
2 0.6765625 0.11388888888888889 0.03125 0.044444444444444446
2 0.4390625 0.3 0.04375 0.07222222222222222
0 0.71953125 0.21388888888888888 0.0171875 0.044444444444444446
