1 0.284375 0.6833333333333333 0.175 0.4111111111111111
1 0.465625 0.6458333333333334 0.06875 0.19166666666666668
1 0.79765625 0.4861111111111111 0.0484375 0.12222222222222222
1 0.67578125 0.48333333333333334 0.0515625 0.15
1 0.56015625 0.6569444444444444 0.0671875 0.18611111111111112
1 0.821875 0.1763888888888889 0.04375 0.10277777777777777
0 0.39453125 0.24444444444444444 0.0421875 0.12777777777777777
0 0.028125 0.8763888888888889 0.05625 0.19722222222222222
0 0.95 0.31527777777777777 0.040625 0.1527777777777778
0 0.2 0.5166666666666667 0.04375 0.13333333333333333
0 0.678125 0.4125 0.0625 0.20277777777777778
0 0.69765625 0.20694444444444443 0.0390625 0.14166666666666666
0 0.46484375 0.5430555555555555 0.0703125 0.21388888888888888
0 0.5609375 0.5944444444444444 0.06875 0.2222222222222222
0 0.79921875 0.4111111111111111 0.0515625 0.19444444444444445
0 0.8203125 0.14027777777777778 0.040625 0.13055555555555556
0 0.8828125 0.33194444444444443 0.034375 0.19166666666666668
