1 0.66953125 0.2111111111111111 0.0234375 0.05
1 0.803125 0.3486111111111111 0.025 0.06944444444444445
1 0.54296875 0.30972222222222223 0.0203125 0.05277777777777778
1 0.5359375 0.44722222222222224 0.0375 0.10555555555555556
1 0.90703125 0.7305555555555555 0.0765625 0.2
1 0.85 0.5819444444444445 0.046875 0.1361111111111111
2 0.396875 0.40694444444444444 0.0625 0.09166666666666666
2 0.43671875 0.3 0.0453125 0.06666666666666667
2 0.71328125 0.1625 0.0515625 0.06944444444444445
0 0.41015625 0.48194444444444445 0.0203125 0.06388888888888888
0 0.90546875 0.6861111111111111 0.0703125 0.2
0 0.5265625 0.275 0.01875 0.044444444444444446
0 0.27421875 0.7916666666666666 0.0828125 0.22777777777777777
0 0.52421875 0.35 0.0234375 0.06666666666666667
0 0.84765625 0.5180555555555556 0.0484375 0.1361111111111111
0 0.8015625 0.32083333333333336 0.028125 0.10833333333333334
0 0.85625 0.30694444444444446 0.025 0.08055555555555556
