1 0.20703125 0.2625 0.1078125 0.21944444444444444
1 0.35390625 0.18194444444444444 0.1109375 0.18611111111111112
1 0.67578125 0.175 0.0390625 0.1111111111111111
1 0.33046875 0.725 0.0703125 0.2222222222222222
0 0.79296875 0.47638888888888886 0.0390625 0.13055555555555556
0 0.3359375 0.6708333333333333 0.075 0.23055555555555557
0 0.740625 0.24027777777777778 0.046875 0.13055555555555556
0 0.675 0.14444444444444443 0.0375 0.13333333333333333
0 0.88828125 0.1388888888888889 0.0328125 0.1388888888888889
0 0.82890625 0.47638888888888886 0.0453125 0.11944444444444445
0 0.8515625 0.6041666666666666 0.053125 0.275
0 0.815625 0.6652777777777777 0.05625 0.2638888888888889
