1 0.67109375 0.19722222222222222 0.0828125 0.2388888888888889
1 0.45234375 0.7930555555555555 0.2171875 0.3472222222222222
1 0.42734375 0.4166666666666667 0.0609375 0.08333333333333333
1 0.39765625 0.30972222222222223 0.0421875 0.10833333333333334
1 0.3 0.2763888888888889 0.04375 0.09166666666666666
1 0.53203125 0.4875 0.0421875 0.1361111111111111
1 0.77890625 0.35555555555555557 0.0390625 0.12222222222222222
1 0.284375 0.6736111111111112 0.075 0.19722222222222222
2 0.55390625 0.10277777777777777 0.0390625 0.08888888888888889
2 0.47734375 0.1736111111111111 0.1296875 0.14722222222222223
0 0.315625 0.14444444444444443 0.040625 0.09444444444444444
0 0.0203125 0.24444444444444444 0.034375 0.15555555555555556
0 0.3 0.24444444444444444 0.04375 0.11666666666666667
0 0.284375 0.5986111111111111 0.06875 0.21388888888888888
0 0.53125 0.3875 0.040625 0.09166666666666666
0 0.27890625 0.5555555555555556 0.0484375 0.12777777777777777
0 0.53046875 0.44583333333333336 0.0453125 0.1527777777777778
0 0.77890625 0.2777777777777778 0.0421875 0.1388888888888889
0 0.91484375 0.24305555555555555 0.0328125 0.15833333333333333
