1 0.20703125 0.34305555555555556 0.0484375 0.125
1 0.38203125 0.24027777777777778 0.0359375 0.10277777777777777
1 0.66796875 0.19722222222222222 0.0421875 0.1
1 0.15546875 0.4152777777777778 0.0703125 0.13055555555555556
1 0.3921875 0.8791666666666667 0.0875 0.21388888888888888
2 0.55546875 0.11527777777777778 0.1171875 0.14722222222222223
1 0.76015625 0.44583333333333336 0.0390625 0.14166666666666666
0 0.56875 0.14583333333333334 0.025 0.1527777777777778
0 0.2046875 0.30833333333333335 0.046875 0.14444444444444443
0 0.66484375 0.14722222222222223 0.0453125 0.12777777777777777
0 0.31328125 0.14722222222222223 0.0390625 0.12222222222222222
0 0.38203125 0.20694444444444443 0.0390625 0.1527777777777778
0 0.76171875 0.3763888888888889 0.0453125 0.19166666666666668
0 0.39140625 0.8125 0.0953125 0.23055555555555557
