1 0.93359375 0.3111111111111111 0.0828125 0.07777777777777778
1 0.7265625 0.3458333333333333 0.03125 0.06388888888888888
1 0.9 0.7180555555555556 0.059375 0.15833333333333333
1 0.46953125 0.37083333333333335 0.0203125 0.058333333333333334
1 0.9390625 0.5916666666666667 0.04375 0.12777777777777777
2 0.4703125 0.24444444444444444 0.03125 0.05
2 0.65625 0.16527777777777777 0.028125 0.058333333333333334
2 0.3984375 0.3888888888888889 0.059375 0.1
2 0.5078125 0.4847222222222222 0.065625 0.14722222222222223
2 0.721875 0.14444444444444443 0.03125 0.05
2 0.56796875 0.21388888888888888 0.0234375 0.05
2 0.74296875 0.15 0.0453125 0.05555555555555555
2 0.54765625 0.1638888888888889 0.0265625 0.044444444444444446
2 0.53125 0.2875 0.05 0.06944444444444445
2 0.50625 0.34444444444444444 0.021875 0.06111111111111111
2 0.43984375 0.2986111111111111 0.0453125 0.06388888888888888
0 0.51171875 0.2125 0.0140625 0.05277777777777778
0 0.4671875 0.3541666666666667 0.021875 0.06388888888888888
0 0.29375 0.6847222222222222 0.046875 0.15833333333333333
0 0.89765625 0.6638888888888889 0.0609375 0.2111111111111111
0 0.9359375 0.5180555555555556 0.046875 0.11944444444444445
