1 0.53515625 0.5777777777777777 0.0765625 0.18333333333333332
1 0.415625 0.8541666666666666 0.04375 0.09166666666666666
1 0.85234375 0.4875 0.0421875 0.10833333333333334
1 0.765625 0.6111111111111112 0.046875 0.12222222222222222
2 0.53515625 0.5777777777777777 0.0765625 0.18333333333333332
2 0.46640625 0.24861111111111112 0.0296875 0.06388888888888888
2 0.6765625 0.09722222222222222 0.034375 0.044444444444444446
2 0.665625 0.1763888888888889 0.03125 0.058333333333333334
2 0.40625 0.4013888888888889 0.040625 0.09722222222222222
2 0.71953125 0.14027777777777778 0.0390625 0.058333333333333334
2 0.4390625 0.3 0.046875 0.06666666666666667
2 0.52734375 0.37222222222222223 0.0671875 0.1111111111111111
0 0.75625 0.5166666666666667 0.040625 0.08333333333333333
0 0.84296875 0.4125 0.0234375 0.06944444444444445
0 0.11171875 0.6888888888888889 0.0328125 0.07222222222222222
0 0.84921875 0.44583333333333336 0.0390625 0.125
0 0.40703125 0.7638888888888888 0.0515625 0.1111111111111111
