1 0.16796875 0.5555555555555556 0.0578125 0.12222222222222222
1 0.63125 0.20972222222222223 0.040625 0.14722222222222223
1 0.7125 0.20555555555555555 0.04375 0.12222222222222222
2 0.828125 0.06111111111111111 0.05625 0.07222222222222222
2 0.31484375 0.7875 0.2640625 0.36944444444444446
0 0.45234375 0.18333333333333332 0.0328125 0.1388888888888889
0 0.63125 0.17916666666666667 0.0375 0.11944444444444445
0 0.16484375 0.45416666666666666 0.0515625 0.13055555555555556
0 0.71328125 0.17777777777777778 0.0390625 0.13333333333333333
0 0.72421875 0.8180555555555555 0.0578125 0.30277777777777776
