1 0.6625 0.18055555555555555 0.01875 0.044444444444444446
1 0.5484375 0.21388888888888888 0.015625 0.044444444444444446
1 0.5125 0.38055555555555554 0.025 0.06666666666666667
1 0.38046875 0.5861111111111111 0.0359375 0.10555555555555556
1 0.83046875 0.3763888888888889 0.0234375 0.075
1 0.7078125 0.4152777777777778 0.0375 0.09722222222222222
1 0.62890625 0.24305555555555555 0.0203125 0.05277777777777778
1 0.740625 0.3138888888888889 0.028125 0.06666666666666667
1 0.92578125 0.5222222222222223 0.0421875 0.13333333333333333
2 0.7203125 0.14166666666666666 0.03125 0.05
2 0.40703125 0.4027777777777778 0.0421875 0.1
2 0.43828125 0.3 0.0453125 0.06666666666666667
0 0.5125 0.38055555555555554 0.025 0.06666666666666667
0 0.51015625 0.35555555555555557 0.0171875 0.03888888888888889
0 0.49375 0.24861111111111112 0.01875 0.05277777777777778
0 0.821875 0.3111111111111111 0.021875 0.06111111111111111
0 0.70703125 0.3875 0.0359375 0.09166666666666666
0 0.828125 0.3472222222222222 0.03125 0.11666666666666667
0 0.73671875 0.28055555555555556 0.0265625 0.05
0 0.334375 0.5166666666666667 0.034375 0.13333333333333333
0 0.37265625 0.5180555555555556 0.0359375 0.14166666666666666
0 0.91953125 0.4777777777777778 0.0359375 0.15
0 0.875 0.35138888888888886 0.028125 0.13055555555555556
