1 0.53203125 0.8625 0.1546875 0.275
1 0.69609375 0.2 0.0328125 0.12222222222222222
1 0.0734375 0.4444444444444444 0.05625 0.10555555555555556
2 0.02265625 0.2861111111111111 0.0453125 0.14444444444444443
1 0.68828125 0.7875 0.0421875 0.18055555555555555
0 0.696875 0.17916666666666667 0.034375 0.14166666666666666
0 0.071875 0.37777777777777777 0.0625 0.11666666666666667
0 0.45234375 0.18194444444444444 0.0359375 0.1361111111111111
0 0.26640625 0.18194444444444444 0.0328125 0.1361111111111111
0 0.91875 0.5833333333333334 0.05625 0.25
0 0.68828125 0.6958333333333333 0.0578125 0.21388888888888888
