1 0.0296875 0.5402777777777777 0.059375 0.2972222222222222
1 0.21328125 0.3 0.0359375 0.1
1 0.33515625 0.37222222222222223 0.0453125 0.09444444444444444
1 0.796875 0.37083333333333335 0.04375 0.125
0 0.96640625 0.5930555555555556 0.0578125 0.275
0 0.79921875 0.30694444444444446 0.0484375 0.16944444444444445
0 0.6625 0.1388888888888889 0.03125 0.1388888888888889
0 0.90703125 0.2708333333333333 0.0484375 0.20277777777777778
0 0.33671875 0.3111111111111111 0.0515625 0.17222222222222222
0 0.20859375 0.24583333333333332 0.0359375 0.175
0 0.51640625 0.8875 0.0890625 0.20833333333333334
0 0.8421875 0.5152777777777777 0.053125 0.25277777777777777
