1 0.15859375 0.7777777777777778 0.3078125 0.43333333333333335
1 0.91953125 0.4486111111111111 0.0640625 0.13055555555555556
1 0.4859375 0.575 0.0625 0.20555555555555555
1 0.6171875 0.2388888888888889 0.04375 0.1111111111111111
1 0.734375 0.20555555555555555 0.0375 0.1111111111111111
0 0.49453125 0.4597222222222222 0.0671875 0.2361111111111111
0 0.72265625 0.5375 0.0640625 0.225
0 0.9640625 0.24861111111111112 0.025 0.16944444444444445
0 0.61796875 0.20694444444444443 0.0421875 0.15833333333333333
0 0.503125 0.3763888888888889 0.046875 0.125
0 0.7359375 0.14444444444444443 0.0375 0.1111111111111111
