3 0.85078125 0.48055555555555557 0.0921875 0.2111111111111111
1 0.40703125 0.48333333333333334 0.0296875 0.06666666666666667
1 0.453125 0.45 0.025 0.06666666666666667
1 0.45234375 0.4722222222222222 0.0203125 0.05
1 0.48828125 0.5180555555555556 0.0265625 0.06388888888888888
1 0.534375 0.24166666666666667 0.01875 0.05555555555555555
2 0.68359375 0.09583333333333334 0.0265625 0.05277777777777778
0 0.453125 0.45 0.025 0.06666666666666667
0 0.3765625 0.5055555555555555 0.034375 0.10555555555555556
0 0.334375 0.5208333333333334 0.0375 0.1361111111111111
