1 0.23984375 0.3125 0.0453125 0.11388888888888889
1 0.3734375 0.16527777777777777 0.028125 0.06944444444444445
1 0.37734375 0.1375 0.0359375 0.09722222222222222
1 0.50625 0.9291666666666667 0.090625 0.14166666666666666
1 0.44921875 0.49027777777777776 0.0671875 0.1638888888888889
1 0.5484375 0.35 0.04375 0.11666666666666667
0 0.4578125 0.4166666666666667 0.05 0.16666666666666666
0 0.79765625 0.06944444444444445 0.0203125 0.05
0 0.37890625 0.11527777777777778 0.0328125 0.10277777777777777
0 0.54609375 0.275 0.0453125 0.12777777777777777
0 0.2359375 0.2763888888888889 0.053125 0.14722222222222223
0 0.025 0.24583333333333332 0.03125 0.15833333333333333
0 0.50390625 0.8722222222222222 0.0953125 0.24444444444444444
