1 0.6703125 0.8819444444444444 0.18125 0.2361111111111111
1 0.75078125 0.1 0.0328125 0.09444444444444444
1 0.190625 0.2777777777777778 0.04375 0.1111111111111111
1 0.49609375 0.2375 0.0359375 0.10277777777777777
1 0.81953125 0.30694444444444446 0.0421875 0.10833333333333334
2 0.46484375 0.48194444444444445 0.1859375 0.28055555555555556
0 0.81796875 0.24583333333333332 0.0421875 0.1527777777777778
0 0.1890625 0.24027777777777778 0.040625 0.1527777777777778
0 0.5015625 0.1986111111111111 0.040625 0.1527777777777778
0 0.3625 0.38472222222222224 0.0375 0.20833333333333334
