1 0.29453125 0.19444444444444445 0.0859375 0.18333333333333332
1 0.63984375 0.5083333333333333 0.0484375 0.12777777777777777
1 0.79921875 0.2708333333333333 0.0390625 0.11388888888888889
1 0.740625 0.3486111111111111 0.040625 0.125
1 0.04453125 0.6222222222222222 0.0671875 0.14444444444444443
2 0.48515625 0.41388888888888886 0.1296875 0.25555555555555554
1 0.48671875 0.6083333333333333 0.0640625 0.14444444444444443
0 0.64296875 0.24027777777777778 0.0359375 0.11944444444444445
0 0.63828125 0.4736111111111111 0.0640625 0.19166666666666668
0 0.5125 0.24722222222222223 0.025 0.05555555555555555
0 0.79921875 0.20555555555555555 0.0453125 0.13333333333333333
0 0.63984375 0.4111111111111111 0.0515625 0.10555555555555556
0 0.60546875 0.6930555555555555 0.0671875 0.21944444444444444
0 0.4828125 0.5291666666666667 0.05625 0.21388888888888888
0 0.0421875 0.5458333333333333 0.06875 0.20833333333333334
0 0.740625 0.30833333333333335 0.04375 0.15
0 0.93828125 0.3819444444444444 0.0328125 0.18055555555555555
0 0.89453125 0.2875 0.0328125 0.1638888888888889
0 0.14609375 0.9222222222222223 0.0953125 0.15555555555555556
