1 0.47578125 0.4222222222222222 0.0546875 0.1388888888888889
1 0.4171875 0.7527777777777778 0.121875 0.2722222222222222
1 0.94921875 0.31805555555555554 0.0765625 0.08611111111111111
1 0.775 0.3125 0.046875 0.11944444444444445
1 0.5328125 0.24444444444444444 0.01875 0.05
2 0.4890625 0.32083333333333336 0.05 0.10277777777777777
2 0.546875 0.17083333333333334 0.028125 0.041666666666666664
2 0.7234375 0.14305555555555555 0.028125 0.05277777777777778
2 0.74140625 0.1486111111111111 0.0421875 0.05277777777777778
2 0.67734375 0.11388888888888889 0.0296875 0.044444444444444446
2 0.39609375 0.3888888888888889 0.0609375 0.10555555555555556
2 0.43984375 0.2986111111111111 0.0453125 0.06388888888888888
0 0.37734375 0.5236111111111111 0.0328125 0.10833333333333334
0 0.85234375 0.26805555555555555 0.0265625 0.11388888888888889
0 0.72734375 0.21666666666666667 0.0140625 0.06111111111111111
0 0.88203125 0.40555555555555556 0.0296875 0.1111111111111111
0 0.18046875 0.8833333333333333 0.0421875 0.16666666666666666
