1 0.86796875 0.6652777777777777 0.1359375 0.35833333333333334
1 0.81953125 0.21666666666666667 0.0828125 0.08888888888888889
1 0.44921875 0.38055555555555554 0.0203125 0.06666666666666667
1 0.53203125 0.20833333333333334 0.0171875 0.03888888888888889
1 0.8015625 0.3458333333333333 0.034375 0.09722222222222222
1 0.71875 0.5194444444444445 0.040625 0.10555555555555556
2 0.2796875 0.8055555555555556 0.1125 0.17222222222222222
2 0.46796875 0.25 0.0328125 0.06111111111111111
2 0.3953125 0.40694444444444444 0.0625 0.10833333333333334
2 0.66640625 0.19722222222222222 0.0421875 0.08333333333333333
2 0.678125 0.10138888888888889 0.03125 0.04722222222222222
2 0.7203125 0.1388888888888889 0.034375 0.05555555555555555
2 0.4390625 0.2986111111111111 0.04375 0.06944444444444445
2 0.50703125 0.7861111111111111 0.1296875 0.26666666666666666
0 0.44921875 0.38055555555555554 0.0203125 0.06666666666666667
0 0.79765625 0.3125 0.0265625 0.05277777777777778
0 0.70625 0.44166666666666665 0.028125 0.05555555555555555
0 0.8484375 0.4736111111111111 0.040625 0.075
0 0.95 0.44166666666666665 0.028125 0.15
