1 0.6234375 0.24166666666666667 0.0875 0.19444444444444445
1 0.8875 0.23333333333333334 0.034375 0.08888888888888889
1 0.6875 0.55 0.040625 0.1388888888888889
1 0.815625 0.06666666666666667 0.028125 0.044444444444444446
1 0.8328125 0.2 0.034375 0.1
1 0.48828125 0.6152777777777778 0.0484375 0.1361111111111111
1 0.7265625 0.3486111111111111 0.046875 0.14166666666666666
1 0.40859375 0.7194444444444444 0.0640625 0.19444444444444445
1 0.33828125 0.8722222222222222 0.0796875 0.2111111111111111
2 0.6234375 0.24166666666666667 0.0875 0.19444444444444445
2 0.4953125 0.16805555555555557 0.090625 0.18055555555555555
2 0.8859375 0.07083333333333333 0.053125 0.05277777777777778
2 0.64453125 0.4083333333333333 0.1203125 0.24444444444444444
2 0.84921875 0.5152777777777777 0.1515625 0.25277777777777777
0 0.71953125 0.24583333333333332 0.0421875 0.09722222222222222
0 0.703125 0.48055555555555557 0.06875 0.2
0 0.3890625 0.24305555555555555 0.040625 0.11944444444444445
0 0.48828125 0.5875 0.0484375 0.16944444444444445
0 0.38984375 0.44722222222222224 0.0453125 0.18888888888888888
0 0.83203125 0.14583333333333334 0.0328125 0.10833333333333334
0 0.0234375 0.875 0.046875 0.22777777777777777
0 0.83828125 0.3138888888888889 0.0453125 0.11666666666666667
0 0.3375 0.7458333333333333 0.075 0.19722222222222222
0 0.4921875 0.4527777777777778 0.05 0.11666666666666667
0 0.88671875 0.1763888888888889 0.0296875 0.11944444444444445
0 0.41328125 0.6138888888888889 0.0734375 0.20555555555555555
