1 0.6953125 0.1736111111111111 0.125 0.23055555555555557
1 0.59921875 0.3125 0.0921875 0.21944444444444444
1 0.47265625 0.7652777777777777 0.1828125 0.4027777777777778
1 0.21328125 0.2722222222222222 0.1046875 0.2
1 0.3671875 0.1763888888888889 0.075 0.18055555555555555
1 0.8625 0.1 0.025 0.08333333333333333
1 0.8765625 0.275 0.046875 0.16666666666666666
1 0.81640625 0.10833333333333334 0.0296875 0.10555555555555556
1 0.84765625 0.44305555555555554 0.0421875 0.11388888888888889
1 0.74453125 0.3472222222222222 0.0359375 0.10555555555555556
1 0.6953125 0.4888888888888889 0.05625 0.15555555555555556
2 0.68671875 0.1736111111111111 0.1234375 0.20833333333333334
2 0.5609375 0.1125 0.121875 0.14722222222222223
0 0.875 0.24583333333333332 0.04375 0.1361111111111111
0 0.84765625 0.3736111111111111 0.0421875 0.18611111111111112
0 0.69765625 0.42083333333333334 0.0578125 0.18055555555555555
0 0.74140625 0.2763888888888889 0.0421875 0.14166666666666666
0 0.16015625 0.8833333333333333 0.0890625 0.21666666666666667
