1 0.4109375 0.6027777777777777 0.08125 0.20555555555555555
1 0.71953125 0.4583333333333333 0.0765625 0.20555555555555555
1 0.528125 0.6555555555555556 0.04375 0.1111111111111111
1 0.68984375 0.2791666666666667 0.0203125 0.06388888888888888
1 0.71484375 0.3472222222222222 0.0234375 0.05555555555555555
1 0.52578125 0.30416666666666664 0.0203125 0.04722222222222222
2 0.721875 0.1388888888888889 0.040625 0.044444444444444446
2 0.4109375 0.6027777777777777 0.08125 0.20555555555555555
2 0.53203125 0.21388888888888888 0.0359375 0.03888888888888889
2 0.3984375 0.4041666666666667 0.0625 0.09166666666666666
2 0.42890625 0.32083333333333336 0.0484375 0.075
2 0.52421875 0.44166666666666665 0.0765625 0.13333333333333333
0 0.528125 0.16666666666666666 0.009375 0.03888888888888889
0 0.3125 0.5194444444444445 0.015625 0.08888888888888889
0 0.49140625 0.24305555555555555 0.0140625 0.04722222222222222
0 0.5078125 0.275 0.015625 0.03888888888888889
0 0.52265625 0.6166666666666667 0.0515625 0.13333333333333333
0 0.52265625 0.28194444444444444 0.0171875 0.058333333333333334
0 0.33203125 0.5208333333333334 0.0265625 0.1361111111111111
0 0.48828125 0.5569444444444445 0.0359375 0.10277777777777777
