1 0.91796875 0.10694444444444444 0.0359375 0.09722222222222222
1 0.68125 0.5083333333333333 0.05 0.14444444444444443
1 0.06015625 0.8819444444444444 0.1171875 0.21944444444444444
2 0.0890625 0.6319444444444444 0.178125 0.25833333333333336
1 0.58515625 0.9291666666666667 0.0421875 0.14166666666666666
0 0.05390625 0.7875 0.0734375 0.225
0 0.68203125 0.45694444444444443 0.0578125 0.20277777777777778
0 0.5875 0.8277777777777777 0.06875 0.2611111111111111
0 0.85 0.39305555555555555 0.05625 0.2361111111111111
0 0.75703125 0.8069444444444445 0.0671875 0.2916666666666667
