1 0.66953125 0.8819444444444444 0.1796875 0.2361111111111111
1 0.48984375 0.5902777777777778 0.0421875 0.175
1 0.69921875 0.1638888888888889 0.0390625 0.1
1 0.340625 0.2777777777777778 0.0375 0.1111111111111111
1 0.64609375 0.6236111111111111 0.0421875 0.175
1 0.66015625 0.5958333333333333 0.0734375 0.19166666666666668
1 0.071875 0.8583333333333333 0.115625 0.22777777777777777
1 0.040625 0.44722222222222224 0.053125 0.12777777777777777
2 0.15703125 0.5166666666666667 0.1890625 0.28888888888888886
0 0.06953125 0.7194444444444444 0.0734375 0.1388888888888889
0 0.0421875 0.4166666666666667 0.05 0.1388888888888889
0 0.02421875 0.23055555555555557 0.0265625 0.15555555555555556
0 0.7 0.1375 0.040625 0.1361111111111111
0 0.5046875 0.4722222222222222 0.06875 0.1388888888888889
0 0.16328125 0.3055555555555556 0.0421875 0.12222222222222222
0 0.04296875 0.3541666666666667 0.0484375 0.08611111111111111
0 0.66484375 0.5333333333333333 0.0765625 0.2111111111111111
0 0.34140625 0.24305555555555555 0.0390625 0.15833333333333333
0 0.54765625 0.4041666666666667 0.0328125 0.19166666666666668
