1 0.76171875 0.2708333333333333 0.0296875 0.06388888888888888
1 0.6625 0.24305555555555555 0.021875 0.058333333333333334
1 0.515625 0.7152777777777778 0.0375 0.09722222222222222
1 0.83359375 0.5180555555555556 0.0421875 0.10833333333333334
2 0.675 0.18472222222222223 0.0375 0.08055555555555556
2 0.74296875 0.15138888888888888 0.0390625 0.05277777777777778
2 0.3984375 0.3888888888888889 0.0625 0.11666666666666667
2 0.72265625 0.14444444444444443 0.0296875 0.05
2 0.52265625 0.3375 0.0453125 0.08611111111111111
2 0.546875 0.14166666666666666 0.01875 0.03333333333333333
2 0.43984375 0.3 0.0453125 0.06666666666666667
2 0.53203125 0.24444444444444444 0.0390625 0.05555555555555555
0 0.490625 0.2833333333333333 0.01875 0.05
0 0.278125 0.7194444444444444 0.0375 0.15555555555555556
0 0.828125 0.4527777777777778 0.0375 0.08888888888888889
0 0.3015625 0.7194444444444444 0.040625 0.16666666666666666
0 0.50859375 0.6513888888888889 0.0421875 0.11944444444444445
