1 0.4578125 0.42083333333333334 0.125 0.25277777777777777
1 0.4125 0.8013888888888889 0.196875 0.3416666666666667
1 0.83515625 0.3458333333333333 0.0359375 0.11388888888888889
1 0.046875 0.8944444444444445 0.08125 0.2
1 0.60546875 0.3138888888888889 0.0421875 0.11666666666666667
1 0.76640625 0.3875 0.0421875 0.1361111111111111
1 0.7734375 0.13472222222222222 0.040625 0.11944444444444445
1 0.6328125 0.8111111111111111 0.065625 0.21666666666666667
1 0.32421875 0.4083333333333333 0.0390625 0.1111111111111111
1 0.66953125 0.2125 0.0421875 0.125
1 0.2734375 0.8611111111111112 0.075 0.2222222222222222
2 0.815625 0.5833333333333334 0.1875 0.28888888888888886
1 0.0453125 0.9152777777777777 0.090625 0.16944444444444445
0 0.60234375 0.24166666666666667 0.0359375 0.10555555555555556
0 0.76484375 0.30833333333333335 0.0484375 0.11666666666666667
0 0.66953125 0.17777777777777778 0.0421875 0.1388888888888889
0 0.46953125 0.6041666666666666 0.0796875 0.19166666666666668
0 0.46484375 0.5583333333333333 0.0640625 0.11666666666666667
0 0.41171875 0.24027777777777778 0.0390625 0.14166666666666666
0 0.8359375 0.2777777777777778 0.0375 0.16111111111111112
0 0.3234375 0.3472222222222222 0.04375 0.15
0 0.63515625 0.6875 0.0734375 0.21944444444444444
0 0.275 0.7513888888888889 0.071875 0.23055555555555557
