1 0.52578125 0.20277777777777778 0.0140625 0.03888888888888889
1 0.58984375 0.2763888888888889 0.0265625 0.05277777777777778
1 0.43125 0.7875 0.046875 0.11388888888888889
1 0.62578125 0.2013888888888889 0.0171875 0.041666666666666664
1 0.84140625 0.3347222222222222 0.0578125 0.11944444444444445
1 0.6453125 0.17222222222222222 0.015625 0.05
1 0.37578125 0.5819444444444445 0.0703125 0.10277777777777777
1 0.67890625 0.21666666666666667 0.0203125 0.06111111111111111
1 0.52109375 0.35 0.0265625 0.07222222222222222
1 0.88984375 0.6444444444444445 0.0421875 0.1388888888888889
1 0.68125 0.23194444444444445 0.021875 0.05277777777777778
2 0.4296875 0.3194444444444444 0.04375 0.08333333333333333
0 0.67890625 0.21666666666666667 0.0203125 0.06111111111111111
0 0.52578125 0.20277777777777778 0.0140625 0.03888888888888889
0 0.54765625 0.18055555555555555 0.0140625 0.05
0 0.778125 0.28194444444444444 0.03125 0.11388888888888889
0 0.42734375 0.7541666666666667 0.0484375 0.14166666666666666
0 0.40078125 0.8902777777777777 0.0609375 0.18611111111111112
0 0.878125 0.5569444444444445 0.046875 0.125
0 0.73671875 0.24722222222222223 0.0203125 0.08888888888888889
0 0.31171875 0.8486111111111111 0.0484375 0.19722222222222222
