1 0.43671875 0.8708333333333333 0.1359375 0.25833333333333336
1 0.95390625 0.33611111111111114 0.0671875 0.07777777777777778
2 0.46796875 0.24722222222222223 0.0296875 0.05555555555555555
2 0.43671875 0.8708333333333333 0.1359375 0.25833333333333336
2 0.703125 0.175 0.025 0.05
2 0.72265625 0.14444444444444443 0.0265625 0.044444444444444446
2 0.7421875 0.15 0.040625 0.05555555555555555
2 0.43984375 0.3013888888888889 0.0453125 0.06944444444444445
0 0.4515625 0.4263888888888889 0.025 0.11388888888888889
0 0.89140625 0.30416666666666664 0.0203125 0.075
