1 0.71796875 0.3111111111111111 0.0453125 0.11666666666666667
1 0.26015625 0.2777777777777778 0.0484375 0.10555555555555556
1 0.75234375 0.10555555555555556 0.0421875 0.1
1 0.09765625 0.44583333333333336 0.0515625 0.11944444444444445
1 0.50390625 0.41805555555555557 0.0546875 0.125
2 0.8171875 0.04861111111111111 0.05625 0.04722222222222222
2 0.08359375 0.6569444444444444 0.1671875 0.2972222222222222
0 0.71796875 0.1736111111111111 0.0390625 0.10277777777777777
0 0.71796875 0.28055555555555556 0.0453125 0.1111111111111111
0 0.71640625 0.14444444444444443 0.0296875 0.06666666666666667
0 0.71796875 0.2111111111111111 0.0421875 0.08888888888888889
0 0.09921875 0.38055555555555554 0.0546875 0.1388888888888889
0 0.50390625 0.3458333333333333 0.0484375 0.14166666666666666
0 0.259375 0.24166666666666667 0.046875 0.12777777777777777
0 0.81875 0.4791666666666667 0.05625 0.23055555555555557
