1 0.33203125 0.19722222222222222 0.0859375 0.2
1 0.8875 0.3486111111111111 0.034375 0.14722222222222223
1 0.8921875 0.31666666666666665 0.053125 0.2388888888888889
1 0.79453125 0.37083333333333335 0.0484375 0.125
1 0.82109375 0.07361111111111111 0.0234375 0.058333333333333334
1 0.46796875 0.6138888888888889 0.0671875 0.15555555555555556
2 0.9578125 0.6194444444444445 0.08125 0.2833333333333333
2 0.63125 0.2569444444444444 0.090625 0.23055555555555557
2 0.7015625 0.15138888888888888 0.125 0.225
2 0.475 0.17916666666666667 0.134375 0.1638888888888889
0 0.5875 0.5847222222222223 0.065625 0.11944444444444445
0 0.9140625 0.2125 0.040625 0.15833333333333333
0 0.79609375 0.32083333333333336 0.0453125 0.1638888888888889
0 0.88828125 0.3138888888888889 0.0390625 0.18888888888888888
0 0.46953125 0.5319444444444444 0.0703125 0.19722222222222222
0 0.7765625 0.2111111111111111 0.0375 0.1388888888888889
