1 0.18828125 0.37916666666666665 0.1203125 0.2361111111111111
1 0.565625 0.9319444444444445 0.08125 0.1361111111111111
1 0.034375 0.9291666666666667 0.06875 0.14166666666666666
1 0.7734375 0.5763888888888888 0.04375 0.14722222222222223
1 0.6765625 0.3736111111111111 0.05 0.125
1 0.82265625 0.24583333333333332 0.0453125 0.125
1 0.54375 0.3527777777777778 0.04375 0.12777777777777777
1 0.453125 0.7916666666666666 0.075 0.20555555555555555
2 0.5359375 0.11527777777777778 0.034375 0.10833333333333334
2 0.70703125 0.14583333333333334 0.1140625 0.18055555555555555
0 0.77578125 0.44722222222222224 0.0421875 0.11666666666666667
0 0.8109375 0.1111111111111111 0.0375 0.1
0 0.5421875 0.25416666666666665 0.0375 0.08611111111111111
0 0.68359375 0.2777777777777778 0.0421875 0.09444444444444444
0 0.82265625 0.2125 0.0453125 0.1361111111111111
0 0.77578125 0.34305555555555556 0.0640625 0.21944444444444444
0 0.03203125 0.8777777777777778 0.0640625 0.2111111111111111
0 0.565625 0.8791666666666667 0.090625 0.21944444444444444
0 0.4546875 0.6875 0.075 0.23055555555555557
