1 0.6234375 0.24444444444444444 0.159375 0.2722222222222222
1 0.7453125 0.2111111111111111 0.0375 0.14444444444444443
1 0.5859375 0.09444444444444444 0.03125 0.06666666666666667
1 0.29140625 0.24166666666666667 0.0390625 0.10555555555555556
1 0.015625 0.6236111111111111 0.03125 0.19722222222222222
1 0.5046875 0.10694444444444444 0.0375 0.09166666666666666
1 0.54765625 0.4513888888888889 0.0453125 0.1361111111111111
2 0.6140625 0.24722222222222223 0.1625 0.25
2 0.753125 0.10416666666666667 0.09375 0.09166666666666666
0 0.5484375 0.37916666666666665 0.04375 0.11944444444444445
0 0.41796875 0.30972222222222223 0.0578125 0.24166666666666667
0 0.02734375 0.24722222222222223 0.0328125 0.15
0 0.29140625 0.2125 0.0390625 0.14166666666666666
