1 0.73203125 0.23333333333333334 0.0421875 0.10555555555555556
1 0.578125 0.37222222222222223 0.040625 0.11666666666666667
1 0.80078125 0.1986111111111111 0.0390625 0.10277777777777777
2 0.06640625 0.8861111111111111 0.1328125 0.21666666666666667
2 0.3125 0.3347222222222222 0.1875 0.21944444444444444
0 0.43125 0.4041666666666667 0.0375 0.19722222222222222
0 0.5796875 0.30833333333333335 0.04375 0.14444444444444443
0 0.73515625 0.17777777777777778 0.0453125 0.13333333333333333
0 0.80078125 0.14027777777777778 0.0421875 0.11388888888888889
0 0.53203125 0.5527777777777778 0.0546875 0.08888888888888889
