1 0.66796875 0.17222222222222222 0.0234375 0.05
1 0.47734375 0.5569444444444445 0.0265625 0.06388888888888888
1 0.6984375 0.21388888888888888 0.021875 0.06111111111111111
1 0.89375 0.9319444444444445 0.06875 0.1361111111111111
2 0.66796875 0.17222222222222222 0.0234375 0.05
2 0.42890625 0.30277777777777776 0.0578125 0.07222222222222222
2 0.71640625 0.16805555555555557 0.0390625 0.058333333333333334
2 0.475 0.4027777777777778 0.040625 0.09444444444444444
2 0.396875 0.4027777777777778 0.0625 0.08888888888888889
2 0.525 0.6486111111111111 0.1 0.23055555555555557
0 0.24609375 0.7611111111111111 0.0328125 0.1
0 0.31171875 0.7541666666666667 0.0421875 0.1361111111111111
0 0.78203125 0.24027777777777778 0.0171875 0.075
0 0.47421875 0.5083333333333333 0.0234375 0.06111111111111111
0 0.52265625 0.45416666666666666 0.0328125 0.10277777777777777
0 0.39921875 0.6194444444444445 0.0328125 0.13333333333333333
0 0.88984375 0.8805555555555555 0.0703125 0.2
