1 0.74140625 0.17083333333333334 0.0234375 0.03611111111111111
1 0.54375 0.2777777777777778 0.01875 0.05555555555555555
1 0.52890625 0.2708333333333333 0.0171875 0.05277777777777778
2 0.68359375 0.10277777777777777 0.0234375 0.044444444444444446
2 0.72109375 0.14027777777777778 0.0328125 0.04722222222222222
2 0.4265625 0.32222222222222224 0.046875 0.07777777777777778
0 0.49296875 0.24305555555555555 0.0171875 0.04722222222222222
0 0.50546875 0.25277777777777777 0.0140625 0.044444444444444446
0 0.54375 0.2777777777777778 0.01875 0.05555555555555555
0 0.52890625 0.2708333333333333 0.0171875 0.05277777777777778
0 0.85703125 0.2833333333333333 0.0203125 0.08333333333333333
0 0.47421875 0.2708333333333333 0.0171875 0.05277777777777778
0 0.334375 0.5222222222222223 0.034375 0.15
0 0.42109375 0.5847222222222223 0.0359375 0.11388888888888889
