1 0.81640625 0.2708333333333333 0.0234375 0.04722222222222222
1 0.8984375 0.30972222222222223 0.025 0.05277777777777778
1 0.7421875 0.17083333333333334 0.025 0.03611111111111111
1 0.68671875 0.3013888888888889 0.0234375 0.04722222222222222
1 0.68359375 0.2791666666666667 0.0234375 0.06944444444444445
2 0.68125 0.10138888888888889 0.028125 0.04722222222222222
2 0.428125 0.32083333333333336 0.046875 0.08055555555555556
2 0.72109375 0.1388888888888889 0.0328125 0.05
0 0.37578125 0.4888888888888889 0.0328125 0.11666666666666667
0 0.796875 0.24861111111111112 0.021875 0.06388888888888888
0 0.86015625 0.30972222222222223 0.0203125 0.08611111111111111
0 0.68359375 0.2791666666666667 0.0234375 0.06944444444444445
0 0.33515625 0.5194444444444445 0.0359375 0.14444444444444443
0 0.45859375 0.4083333333333333 0.0265625 0.10555555555555556
