1 0.540625 0.7430555555555556 0.125 0.2972222222222222
1 0.9515625 0.3388888888888889 0.075 0.07777777777777778
1 0.640625 0.26944444444444443 0.01875 0.05
1 0.66328125 0.2763888888888889 0.0203125 0.058333333333333334
1 0.759375 0.30833333333333335 0.028125 0.06111111111111111
2 0.4296875 0.30694444444444446 0.0625 0.08055555555555556
2 0.44921875 0.6527777777777778 0.0828125 0.18333333333333332
2 0.503125 0.4527777777777778 0.05 0.12222222222222222
2 0.71328125 0.1638888888888889 0.0515625 0.07222222222222222
0 0.5328125 0.20972222222222223 0.015625 0.05277777777777778
0 0.8546875 0.24027777777777778 0.028125 0.06944444444444445
0 0.63984375 0.25277777777777777 0.0203125 0.05
0 0.55546875 0.4166666666666667 0.0390625 0.09444444444444444
0 0.66015625 0.25 0.0171875 0.05
0 0.53203125 0.5597222222222222 0.0359375 0.09166666666666666
0 0.38125 0.6583333333333333 0.034375 0.11666666666666667
0 0.80859375 0.2708333333333333 0.0234375 0.08611111111111111
0 0.75546875 0.28055555555555556 0.0234375 0.06666666666666667
0 0.33828125 0.6819444444444445 0.0390625 0.14166666666666666
0 0.33828125 0.8222222222222222 0.0453125 0.15555555555555556
0 0.42890625 0.41944444444444445 0.0203125 0.08333333333333333
