1 0.25859375 0.8222222222222222 0.1265625 0.19444444444444445
1 0.52734375 0.3486111111111111 0.0640625 0.09166666666666666
1 0.55390625 0.34305555555555556 0.0359375 0.09722222222222222
1 0.43828125 0.6833333333333333 0.0453125 0.13333333333333333
1 0.515625 0.5138888888888888 0.034375 0.1
1 0.69609375 0.2722222222222222 0.0234375 0.06111111111111111
1 0.68984375 0.40694444444444444 0.0359375 0.09722222222222222
2 0.6828125 0.09583333333333334 0.028125 0.05277777777777778
2 0.65703125 0.1527777777777778 0.0265625 0.06666666666666667
2 0.72265625 0.14027777777777778 0.0390625 0.04722222222222222
2 0.39921875 0.3902777777777778 0.0609375 0.08611111111111111
2 0.428125 0.32083333333333336 0.046875 0.075
0 0.69453125 0.24722222222222223 0.0234375 0.06111111111111111
0 0.33515625 0.5208333333333334 0.0328125 0.1361111111111111
0 0.51328125 0.4875 0.0359375 0.09722222222222222
0 0.4359375 0.6555555555555556 0.04375 0.11666666666666667
