1 0.51484375 0.7958333333333333 0.1265625 0.325
1 0.50546875 0.34305555555555556 0.0203125 0.05277777777777778
1 0.54140625 0.34305555555555556 0.0203125 0.06944444444444445
1 0.3609375 0.6097222222222223 0.040625 0.10277777777777777
1 0.83671875 0.38333333333333336 0.0359375 0.1
1 0.63984375 0.2388888888888889 0.0203125 0.05555555555555555
1 0.7375 0.28055555555555556 0.025 0.06111111111111111
2 0.484375 0.4263888888888889 0.059375 0.14166666666666666
2 0.5140625 0.7972222222222223 0.13125 0.3
2 0.359375 0.8736111111111111 0.128125 0.23055555555555557
2 0.67734375 0.09861111111111111 0.0328125 0.04722222222222222
2 0.4296875 0.32222222222222224 0.046875 0.07777777777777778
2 0.40703125 0.3902777777777778 0.0453125 0.10277777777777777
2 0.72109375 0.14027777777777778 0.0421875 0.058333333333333334
0 0.8328125 0.34305555555555556 0.025 0.058333333333333334
0 0.82890625 0.32083333333333336 0.0234375 0.05277777777777778
0 0.2984375 0.6819444444444445 0.04375 0.13055555555555556
0 0.83359375 0.35 0.0328125 0.1
0 0.7359375 0.24583333333333332 0.025 0.05277777777777778
0 0.35859375 0.5944444444444444 0.0390625 0.1
0 0.4875 0.9597222222222223 0.0625 0.08055555555555556
0 0.98359375 0.5513888888888889 0.0265625 0.16944444444444445
