1 0.35703125 0.7152777777777778 0.2796875 0.3472222222222222
1 0.890625 0.06527777777777778 0.025 0.041666666666666664
1 0.225 0.275 0.0375 0.1
1 0.840625 0.2777777777777778 0.040625 0.1111111111111111
1 0.29140625 0.27361111111111114 0.0453125 0.09722222222222222
1 0.721875 0.3458333333333333 0.046875 0.11388888888888889
1 0.6625 0.30277777777777776 0.040625 0.10555555555555556
1 0.68671875 0.5986111111111111 0.0671875 0.18611111111111112
2 0.36015625 0.6930555555555555 0.2703125 0.33055555555555555
2 0.784375 0.14444444444444443 0.1125 0.18333333333333332
1 0.84296875 0.48194444444444445 0.0296875 0.14722222222222223
0 0.70859375 0.18472222222222223 0.0359375 0.10277777777777777
0 0.64375 0.9625 0.065625 0.075
0 0.721875 0.30972222222222223 0.046875 0.14722222222222223
0 0.6640625 0.24305555555555555 0.04375 0.14166666666666666
0 0.83984375 0.24027777777777778 0.0390625 0.15833333333333333
0 0.84296875 0.42083333333333334 0.0390625 0.175
0 0.6875 0.5347222222222222 0.065625 0.225
0 0.2234375 0.2361111111111111 0.0375 0.1388888888888889
