1 0.83125 0.21666666666666667 0.071875 0.08888888888888889
1 0.5140625 0.3125 0.025 0.04722222222222222
1 0.37734375 0.8513888888888889 0.0421875 0.10833333333333334
1 0.64296875 0.14305555555555555 0.0171875 0.04722222222222222
1 0.9515625 0.3388888888888889 0.075 0.07777777777777778
1 0.90078125 0.48055555555555557 0.0421875 0.11666666666666667
2 0.4671875 0.2513888888888889 0.03125 0.05277777777777778
2 0.4078125 0.3888888888888889 0.04375 0.08888888888888889
2 0.71640625 0.1388888888888889 0.0296875 0.05
2 0.67734375 0.10138888888888889 0.0328125 0.041666666666666664
2 0.60625 0.17083333333333334 0.03125 0.04722222222222222
2 0.43828125 0.2986111111111111 0.0453125 0.06388888888888888
0 0.64296875 0.14305555555555555 0.0171875 0.04722222222222222
0 0.3359375 0.5166666666666667 0.0375 0.13333333333333333
0 0.89453125 0.42083333333333334 0.0421875 0.11388888888888889
0 0.37421875 0.7902777777777777 0.0515625 0.14722222222222223
