1 0.50234375 0.5833333333333334 0.0421875 0.1
1 0.86015625 0.5875 0.0453125 0.14722222222222223
2 0.5296875 0.3486111111111111 0.05 0.10833333333333334
2 0.6828125 0.09722222222222222 0.025 0.044444444444444446
2 0.42890625 0.3194444444444444 0.0578125 0.08333333333333333
2 0.72109375 0.1375 0.0328125 0.05277777777777778
0 0.98515625 0.44583333333333336 0.0234375 0.15833333333333333
0 0.37578125 0.4847222222222222 0.0328125 0.11944444444444445
0 0.47265625 0.2791666666666667 0.0234375 0.06388888888888888
0 0.3421875 0.8916666666666667 0.053125 0.16111111111111112
0 0.8984375 0.3194444444444444 0.028125 0.1111111111111111
0 0.85703125 0.5458333333333333 0.0453125 0.1638888888888889
0 0.52109375 0.9027777777777778 0.0640625 0.13333333333333333
0 0.33515625 0.5194444444444445 0.0359375 0.14444444444444443
0 0.496875 0.5527777777777778 0.0375 0.1
