1 0.70234375 0.14305555555555555 0.0984375 0.18055555555555555
1 0.87734375 0.1125 0.0703125 0.1527777777777778
3 0.06484375 0.20972222222222223 0.1296875 0.24166666666666667
1 0.7015625 0.33611111111111114 0.0375 0.1
1 0.4734375 0.5583333333333333 0.0625 0.15
2 0.70390625 0.14166666666666666 0.0890625 0.18888888888888888
2 0.44453125 0.2152777777777778 0.1296875 0.18055555555555555
0 0.70234375 0.31527777777777777 0.0390625 0.11944444444444445
0 0.7046875 0.25277777777777777 0.040625 0.08888888888888889
0 0.946875 0.38055555555555554 0.040625 0.18333333333333332
0 0.95625 0.13333333333333333 0.0375 0.13333333333333333
