1 0.525 0.17777777777777778 0.06875 0.13333333333333333
1 0.490625 0.44305555555555554 0.059375 0.11388888888888889
1 0.515625 0.6166666666666667 0.0375 0.1
2 0.4078125 0.3902777777777778 0.04375 0.09722222222222222
2 0.71953125 0.1388888888888889 0.0328125 0.05555555555555555
2 0.4296875 0.3194444444444444 0.05625 0.08888888888888889
0 0.85234375 0.2722222222222222 0.0234375 0.08333333333333333
0 0.471875 0.25 0.01875 0.05
0 0.68515625 0.1361111111111111 0.0171875 0.05555555555555555
0 0.51328125 0.5833333333333334 0.0390625 0.11666666666666667
