1 0.846875 0.3486111111111111 0.034375 0.09722222222222222
1 0.9 0.30833333333333335 0.03125 0.05555555555555555
1 0.5453125 0.2388888888888889 0.025 0.05555555555555555
1 0.6484375 0.17916666666666667 0.028125 0.06388888888888888
1 0.73359375 0.24722222222222223 0.0265625 0.06666666666666667
2 0.678125 0.10416666666666667 0.028125 0.041666666666666664
2 0.4078125 0.3888888888888889 0.04375 0.1
2 0.72109375 0.14166666666666666 0.0390625 0.05555555555555555
2 0.43359375 0.30694444444444446 0.0609375 0.075
0 0.73359375 0.24722222222222223 0.0265625 0.06666666666666667
0 0.34140625 0.65 0.0390625 0.17777777777777778
0 0.8390625 0.30694444444444446 0.021875 0.058333333333333334
