1 0.5453125 0.1763888888888889 0.015625 0.03611111111111111
1 0.53984375 0.24861111111111112 0.0203125 0.058333333333333334
1 0.7890625 0.375 0.034375 0.1111111111111111
1 0.84375 0.5194444444444445 0.04375 0.12777777777777777
2 0.7421875 0.14583333333333334 0.0375 0.04722222222222222
2 0.72265625 0.14166666666666666 0.0296875 0.05
0 0.33203125 0.5208333333333334 0.0328125 0.125
0 0.83984375 0.28055555555555556 0.0203125 0.06666666666666667
0 0.53984375 0.24861111111111112 0.0203125 0.058333333333333334
0 0.32421875 0.925 0.0671875 0.1388888888888889
0 0.84296875 0.4791666666666667 0.0390625 0.1361111111111111
