1 0.81484375 0.20416666666666666 0.0765625 0.21388888888888888
1 0.70390625 0.15 0.1234375 0.20555555555555555
1 0.65546875 0.24027777777777778 0.0390625 0.1527777777777778
1 0.14375 0.9208333333333333 0.109375 0.15833333333333333
1 0.4703125 0.2013888888888889 0.034375 0.10277777777777777
1 0.2265625 0.5152777777777777 0.0625 0.13055555555555556
1 0.0796875 0.4847222222222222 0.05 0.11944444444444445
2 0.41484375 0.5208333333333334 0.1765625 0.3527777777777778
0 0.65703125 0.21666666666666667 0.0359375 0.15
0 0.47109375 0.14722222222222223 0.0390625 0.1
0 0.0265625 0.24444444444444444 0.03125 0.15
0 0.146875 0.8666666666666667 0.08125 0.2388888888888889
0 0.22421875 0.46805555555555556 0.0671875 0.19722222222222222
0 0.0796875 0.4166666666666667 0.05625 0.16111111111111112
0 0.37265625 0.1486111111111111 0.0390625 0.11388888888888889
