1 0.94921875 0.31666666666666665 0.0765625 0.08888888888888889
1 0.44921875 0.5152777777777777 0.0296875 0.06388888888888888
2 0.5109375 0.24583333333333332 0.034375 0.058333333333333334
2 0.40703125 0.3875 0.0421875 0.08611111111111111
2 0.465625 0.26805555555555555 0.03125 0.041666666666666664
2 0.56171875 0.21388888888888888 0.0265625 0.044444444444444446
2 0.7171875 0.1388888888888889 0.028125 0.05
2 0.6765625 0.10277777777777777 0.034375 0.044444444444444446
2 0.43828125 0.3013888888888889 0.0453125 0.06388888888888888
2 0.63984375 0.21388888888888888 0.0515625 0.09444444444444444
0 0.52421875 0.16944444444444445 0.0109375 0.03888888888888889
0 0.4453125 0.4875 0.034375 0.09722222222222222
