1 0.5140625 0.24583333333333332 0.01875 0.05277777777777778
1 0.9484375 0.31666666666666665 0.075 0.09444444444444444
1 0.46796875 0.3125 0.0140625 0.058333333333333334
1 0.51640625 0.26944444444444443 0.0171875 0.044444444444444446
1 0.696875 0.35 0.028125 0.06666666666666667
1 0.55234375 0.2388888888888889 0.0203125 0.044444444444444446
1 0.821875 0.275 0.025 0.06111111111111111
1 0.4390625 0.7180555555555556 0.040625 0.10277777777777777
1 0.76015625 0.4111111111111111 0.0390625 0.10555555555555556
2 0.6765625 0.1 0.034375 0.044444444444444446
2 0.52578125 0.1736111111111111 0.0265625 0.03611111111111111
2 0.43828125 0.3 0.0453125 0.07222222222222222
2 0.72109375 0.14166666666666666 0.0328125 0.05555555555555555
0 0.46796875 0.3125 0.0140625 0.058333333333333334
0 0.5140625 0.24583333333333332 0.01875 0.05277777777777778
0 0.66328125 0.17083333333333334 0.0140625 0.05277777777777778
0 0.77421875 0.3402777777777778 0.0328125 0.10833333333333334
0 0.6953125 0.31666666666666665 0.025 0.05555555555555555
0 0.33671875 0.6277777777777778 0.0359375 0.1388888888888889
0 0.759375 0.3861111111111111 0.034375 0.11666666666666667
0 0.43359375 0.6611111111111111 0.0484375 0.12777777777777777
