1 0.79921875 0.2361111111111111 0.0328125 0.05
1 0.9515625 0.3388888888888889 0.071875 0.07777777777777778
1 0.5234375 0.18333333333333332 0.028125 0.044444444444444446
1 0.53515625 0.4444444444444444 0.0359375 0.08888888888888889
1 0.50703125 0.4388888888888889 0.0234375 0.05
1 0.95078125 0.5486111111111112 0.0390625 0.11388888888888889
1 0.68203125 0.21388888888888888 0.0203125 0.06111111111111111
1 0.6453125 0.2125 0.021875 0.05277777777777778
1 0.82265625 0.2777777777777778 0.0265625 0.06111111111111111
2 0.4390625 0.3 0.04375 0.06666666666666667
0 0.284375 0.7319444444444444 0.040625 0.13055555555555556
0 0.3328125 0.5180555555555556 0.03125 0.13055555555555556
0 0.3 0.7444444444444445 0.05 0.15
0 0.475 0.45 0.028125 0.06666666666666667
0 0.5046875 0.4152777777777778 0.025 0.06944444444444445
0 0.371875 0.5083333333333333 0.03125 0.11666666666666667
0 0.45 0.3861111111111111 0.01875 0.06666666666666667
0 0.9453125 0.48194444444444445 0.040625 0.1638888888888889
