1 0.63125 0.2013888888888889 0.14375 0.23055555555555557
1 0.6046875 0.25833333333333336 0.13125 0.23333333333333334
1 0.8671875 0.3055555555555556 0.040625 0.12222222222222222
1 0.1578125 0.4388888888888889 0.04375 0.10555555555555556
1 0.03125 0.44583333333333336 0.046875 0.11944444444444445
2 0.3671875 0.31527777777777777 0.115625 0.21388888888888888
2 0.834375 0.07777777777777778 0.1 0.08333333333333333
2 0.75 0.3 0.134375 0.2111111111111111
0 0.64609375 0.9597222222222223 0.0703125 0.08055555555555556
0 0.31015625 0.1736111111111111 0.0265625 0.14722222222222223
0 0.1609375 0.37777777777777777 0.046875 0.14444444444444443
0 0.871875 0.24722222222222223 0.04375 0.15555555555555556
0 0.02890625 0.3888888888888889 0.0421875 0.16666666666666666
0 0.9328125 0.30972222222222223 0.034375 0.18611111111111112
