1 0.38984375 0.20833333333333334 0.0390625 0.09444444444444444
1 0.1484375 0.3458333333333333 0.05 0.11388888888888889
1 0.228125 0.3458333333333333 0.05 0.11388888888888889
1 0.43046875 0.6611111111111111 0.0765625 0.19444444444444445
0 0.23359375 0.3111111111111111 0.0515625 0.1388888888888889
0 0.38984375 0.1736111111111111 0.0359375 0.13055555555555556
0 0.22578125 0.275 0.0453125 0.10555555555555556
0 0.14921875 0.30694444444444446 0.0484375 0.14722222222222223
0 0.91484375 0.2833333333333333 0.0484375 0.16111111111111112
0 0.4328125 0.5513888888888889 0.078125 0.20277777777777778
0 0.5296875 0.8833333333333333 0.0625 0.22777777777777777
