1 0.7125 0.24722222222222223 0.053125 0.12777777777777777
1 0.625 0.20277777777777778 0.028125 0.05
1 0.67578125 0.3055555555555556 0.0234375 0.06111111111111111
1 0.478125 0.4152777777777778 0.025 0.058333333333333334
2 0.43828125 0.30694444444444446 0.0515625 0.05277777777777778
2 0.721875 0.14166666666666666 0.034375 0.05
2 0.40625 0.4027777777777778 0.04375 0.09444444444444444
2 0.5328125 0.2361111111111111 0.04375 0.044444444444444446
0 0.44765625 0.35555555555555557 0.0171875 0.05
0 0.4734375 0.3763888888888889 0.01875 0.041666666666666664
0 0.675 0.2861111111111111 0.021875 0.07222222222222222
0 0.3296875 0.7458333333333333 0.05 0.1527777777777778
