1 0.646875 0.18611111111111112 0.078125 0.17777777777777778
3 0.24453125 0.27361111111111114 0.1109375 0.225
1 0.12109375 0.9611111111111111 0.0734375 0.07777777777777778
1 0.46640625 0.23194444444444445 0.0421875 0.09166666666666666
1 0.90625 0.07083333333333333 0.025 0.058333333333333334
2 0.64296875 0.2013888888888889 0.0796875 0.1361111111111111
2 0.80078125 0.19305555555555556 0.0953125 0.23055555555555557
0 0.1390625 0.9 0.1125 0.17777777777777778
0 0.46640625 0.17777777777777778 0.0390625 0.11666666666666667
0 0.91015625 0.21805555555555556 0.0296875 0.1361111111111111
