1 0.51953125 0.6097222222222223 0.0890625 0.21388888888888888
1 0.4171875 0.6472222222222223 0.090625 0.20555555555555555
1 0.4734375 0.75 0.04375 0.11666666666666667
1 0.65625 0.14305555555555555 0.015625 0.04722222222222222
1 0.6640625 0.30277777777777776 0.021875 0.044444444444444446
1 0.4859375 0.7902777777777777 0.046875 0.09722222222222222
1 0.76640625 0.3125 0.0296875 0.06944444444444445
1 0.5453125 0.2791666666666667 0.01875 0.05277777777777778
1 0.66015625 0.28194444444444444 0.0265625 0.06388888888888888
1 0.8921875 0.4861111111111111 0.040625 0.1111111111111111
2 0.51953125 0.6097222222222223 0.0890625 0.21388888888888888
2 0.4171875 0.6472222222222223 0.090625 0.20555555555555555
2 0.67734375 0.1 0.0328125 0.05
2 0.4296875 0.32083333333333336 0.046875 0.075
2 0.40703125 0.3888888888888889 0.0453125 0.09444444444444444
2 0.50546875 0.3527777777777778 0.0484375 0.10555555555555556
2 0.721875 0.14027777777777778 0.040625 0.058333333333333334
0 0.65625 0.14305555555555555 0.015625 0.04722222222222222
0 0.5453125 0.2791666666666667 0.01875 0.05277777777777778
0 0.8875 0.44583333333333336 0.040625 0.14722222222222223
0 0.471875 0.7236111111111111 0.04375 0.11388888888888889
