1 0.490625 0.24166666666666667 0.01875 0.044444444444444446
1 0.8171875 0.26944444444444443 0.025 0.05
1 0.46796875 0.31527777777777777 0.0203125 0.05277777777777778
1 0.65625 0.21666666666666667 0.021875 0.06111111111111111
1 0.50234375 0.4152777777777778 0.0234375 0.06944444444444445
1 0.81171875 0.37777777777777777 0.0359375 0.1
1 0.54609375 0.20555555555555555 0.0171875 0.03888888888888889
1 0.534375 0.27361111111111114 0.01875 0.05277777777777778
1 0.70625 0.30833333333333335 0.025 0.06111111111111111
2 0.68359375 0.09583333333333334 0.0296875 0.04722222222222222
2 0.721875 0.14027777777777778 0.034375 0.05277777777777778
0 0.54609375 0.20555555555555555 0.0171875 0.03888888888888889
0 0.46796875 0.31527777777777777 0.0203125 0.05277777777777778
0 0.3359375 0.5180555555555556 0.034375 0.13055555555555556
0 0.37578125 0.4875 0.0328125 0.11944444444444445
0 0.496875 0.38333333333333336 0.025 0.05
0 0.70390625 0.28055555555555556 0.0234375 0.05
0 0.4328125 0.44722222222222224 0.0375 0.1111111111111111
