1 0.6640625 0.20972222222222223 0.021875 0.05277777777777778
1 0.88828125 0.44583333333333336 0.0859375 0.21388888888888888
1 0.6484375 0.1763888888888889 0.01875 0.05277777777777778
1 0.75625 0.2111111111111111 0.028125 0.06666666666666667
1 0.478125 0.5444444444444444 0.0375 0.1111111111111111
1 0.94921875 0.31805555555555554 0.0765625 0.09166666666666666
1 0.5078125 0.37916666666666665 0.025 0.06944444444444445
1 0.6640625 0.2375 0.021875 0.05277777777777778
2 0.43828125 0.2972222222222222 0.0453125 0.07222222222222222
0 0.6640625 0.20972222222222223 0.021875 0.05277777777777778
0 0.7359375 0.17916666666666667 0.01875 0.05277777777777778
0 0.64765625 0.11388888888888889 0.0109375 0.03888888888888889
0 0.521875 0.175 0.0125 0.044444444444444446
0 0.66953125 0.13194444444444445 0.0140625 0.05277777777777778
0 0.46640625 0.30694444444444446 0.0203125 0.06388888888888888
0 0.3328125 0.5180555555555556 0.03125 0.1361111111111111
0 0.50390625 0.35555555555555557 0.0265625 0.06111111111111111
0 0.4765625 0.5277777777777778 0.0375 0.1111111111111111
