1 0.678125 0.1388888888888889 0.01875 0.044444444444444446
1 0.54609375 0.2 0.0140625 0.03888888888888889
1 0.95390625 0.3347222222222222 0.0703125 0.075
1 0.7046875 0.23055555555555557 0.01875 0.044444444444444446
1 0.70234375 0.21388888888888888 0.0203125 0.05
2 0.7421875 0.14583333333333334 0.034375 0.04722222222222222
2 0.7234375 0.14583333333333334 0.028125 0.04722222222222222
2 0.44375 0.3013888888888889 0.05625 0.06944444444444445
2 0.50390625 0.6444444444444445 0.0796875 0.2111111111111111
2 0.91640625 0.7152777777777778 0.1671875 0.35833333333333334
0 0.43671875 0.8305555555555556 0.0453125 0.10555555555555556
0 0.85078125 0.275 0.0203125 0.07222222222222222
0 0.70234375 0.21388888888888888 0.0203125 0.05
0 0.321875 0.5875 0.028125 0.13055555555555556
0 0.8984375 0.32083333333333336 0.025 0.10833333333333334
