1 0.55234375 0.2388888888888889 0.0171875 0.044444444444444446
1 0.70703125 0.3111111111111111 0.0265625 0.07222222222222222
1 0.7984375 0.2361111111111111 0.03125 0.044444444444444446
1 0.94765625 0.31666666666666665 0.0765625 0.09444444444444444
1 0.459375 0.3388888888888889 0.015625 0.06111111111111111
1 0.528125 0.2833333333333333 0.025 0.05555555555555555
1 0.7359375 0.28055555555555556 0.025 0.07222222222222222
1 0.53515625 0.3013888888888889 0.0203125 0.04722222222222222
1 0.66953125 0.2763888888888889 0.0234375 0.05277777777777778
1 0.48984375 0.30972222222222223 0.0203125 0.041666666666666664
1 0.82265625 0.2763888888888889 0.0265625 0.058333333333333334
2 0.721875 0.14027777777777778 0.034375 0.05277777777777778
2 0.43671875 0.3013888888888889 0.0484375 0.06388888888888888
2 0.40703125 0.4027777777777778 0.0390625 0.1
0 0.528125 0.2833333333333333 0.025 0.05555555555555555
0 0.6671875 0.24444444444444444 0.01875 0.03888888888888889
0 0.32890625 0.6763888888888889 0.0390625 0.13055555555555556
0 0.3734375 0.9638888888888889 0.065625 0.07222222222222222
