1 0.5890625 0.2763888888888889 0.028125 0.04722222222222222
1 0.54296875 0.23333333333333334 0.0171875 0.044444444444444446
1 0.7546875 0.2125 0.034375 0.06388888888888888
1 0.81953125 0.2152777777777778 0.0703125 0.08611111111111111
1 0.9515625 0.33611111111111114 0.075 0.07777777777777778
1 0.521875 0.3402777777777778 0.021875 0.05277777777777778
1 0.5609375 0.6791666666666667 0.040625 0.09166666666666666
1 0.8921875 0.8791666666666667 0.065625 0.21388888888888888
1 0.7421875 0.37916666666666665 0.03125 0.10277777777777777
1 0.65625 0.24166666666666667 0.021875 0.06111111111111111
2 0.396875 0.38472222222222224 0.065625 0.125
2 0.67734375 0.11388888888888889 0.0328125 0.044444444444444446
2 0.4390625 0.2986111111111111 0.04375 0.075
0 0.35859375 0.5722222222222222 0.0296875 0.10555555555555556
0 0.33359375 0.5138888888888888 0.0296875 0.12777777777777777
0 0.3703125 0.4861111111111111 0.03125 0.1111111111111111
0 0.740625 0.35138888888888886 0.03125 0.09722222222222222
0 0.5109375 0.5138888888888888 0.034375 0.11666666666666667
0 0.27578125 0.8763888888888889 0.0671875 0.18055555555555555
0 0.890625 0.8194444444444444 0.0625 0.20555555555555555
0 0.55390625 0.6166666666666667 0.0421875 0.12222222222222222
