1 0.5609375 0.09722222222222222 0.03125 0.06666666666666667
1 0.16171875 0.3416666666666667 0.0640625 0.10555555555555556
1 0.2328125 0.23472222222222222 0.046875 0.10277777777777777
1 0.34921875 0.20833333333333334 0.0359375 0.10555555555555556
1 0.778125 0.24444444444444444 0.0375 0.12222222222222222
1 0.475 0.20555555555555555 0.040625 0.10555555555555556
1 0.240625 0.4861111111111111 0.059375 0.1111111111111111
1 0.49453125 0.4444444444444444 0.0484375 0.11666666666666667
2 0.06015625 0.47638888888888886 0.1203125 0.2638888888888889
1 0.74765625 0.5888888888888889 0.0359375 0.16111111111111112
0 0.64375 0.10138888888888889 0.03125 0.10277777777777777
0 0.22734375 0.17777777777777778 0.0359375 0.12222222222222222
0 0.34765625 0.17916666666666667 0.0359375 0.125
0 0.4921875 0.3819444444444444 0.046875 0.18055555555555555
0 0.240625 0.41944444444444445 0.053125 0.16666666666666666
0 0.1625 0.30694444444444446 0.053125 0.1527777777777778
0 0.47265625 0.17916666666666667 0.0390625 0.125
0 0.7765625 0.21388888888888888 0.040625 0.14444444444444443
0 0.74765625 0.5208333333333334 0.0515625 0.25833333333333336
0 0.8390625 0.46111111111111114 0.0625 0.2611111111111111
