1 0.29140625 0.20277777777777778 0.0921875 0.21666666666666667
1 0.41328125 0.21805555555555556 0.1515625 0.20277777777777778
1 0.82890625 0.24861111111111112 0.0921875 0.21944444444444444
1 0.53203125 0.16944444444444445 0.0390625 0.1
1 0.7359375 0.1 0.021875 0.06666666666666667
1 0.08359375 0.45555555555555555 0.0578125 0.1111111111111111
1 0.340625 0.7458333333333333 0.084375 0.20277777777777778
2 0.0125 0.6958333333333333 0.025 0.2361111111111111
1 0.63671875 0.8583333333333333 0.0359375 0.2
0 0.24140625 0.5527777777777778 0.0328125 0.13333333333333333
0 0.73671875 0.08055555555555556 0.0203125 0.05555555555555555
0 0.53046875 0.14444444444444443 0.0359375 0.12222222222222222
0 0.08515625 0.38472222222222224 0.0515625 0.14166666666666666
0 0.35 0.6541666666666667 0.0875 0.24166666666666667
0 0.88203125 0.35694444444444445 0.0390625 0.21388888888888888
0 0.6296875 0.7555555555555555 0.065625 0.22777777777777777
