1 0.6875 0.23472222222222222 0.028125 0.06388888888888888
1 0.953125 0.3388888888888889 0.075 0.07777777777777778
1 0.48671875 0.6458333333333334 0.0359375 0.10833333333333334
1 0.73515625 0.24444444444444444 0.0234375 0.06111111111111111
1 0.53515625 0.2722222222222222 0.0203125 0.05
2 0.46796875 0.26666666666666666 0.0265625 0.044444444444444446
2 0.43828125 0.30416666666666664 0.0453125 0.06388888888888888
2 0.64453125 0.24722222222222223 0.0515625 0.1
2 0.54140625 0.18611111111111112 0.0359375 0.044444444444444446
0 0.490625 0.2125 0.0125 0.04722222222222222
0 0.73515625 0.24444444444444444 0.0234375 0.06111111111111111
0 0.434375 0.4027777777777778 0.01875 0.08888888888888889
0 0.4828125 0.5958333333333333 0.040625 0.10277777777777777
