1 0.7875 0.46111111111111114 0.090625 0.2
1 0.83203125 0.30972222222222223 0.0234375 0.075
1 0.50859375 0.5777777777777777 0.0265625 0.06111111111111111
2 0.7875 0.46111111111111114 0.090625 0.2
2 0.678125 0.1125 0.028125 0.041666666666666664
2 0.3953125 0.3861111111111111 0.065625 0.11666666666666667
2 0.74296875 0.15 0.0421875 0.05555555555555555
2 0.72265625 0.14305555555555555 0.0265625 0.04722222222222222
2 0.65703125 0.16666666666666666 0.0234375 0.05555555555555555
2 0.4375 0.3 0.04375 0.07222222222222222
1 0.934375 0.46944444444444444 0.04375 0.08888888888888889
1 0.45390625 0.5458333333333333 0.0203125 0.06388888888888888
0 0.471875 0.2986111111111111 0.015625 0.058333333333333334
0 0.36953125 0.4861111111111111 0.0296875 0.1111111111111111
0 0.3328125 0.5166666666666667 0.03125 0.13333333333333333
0 0.45 0.49027777777777776 0.03125 0.09722222222222222
0 0.33046875 0.675 0.0421875 0.13333333333333333
0 0.5015625 0.5208333333333334 0.0375 0.09166666666666666
0 0.53359375 0.4125 0.0265625 0.058333333333333334
