1 0.9515625 0.3388888888888889 0.071875 0.07777777777777778
1 0.68125 0.175 0.015625 0.05555555555555555
1 0.4984375 0.3388888888888889 0.028125 0.05555555555555555
1 0.79921875 0.2361111111111111 0.0328125 0.044444444444444446
1 0.753125 0.24305555555555555 0.01875 0.06944444444444445
1 0.8234375 0.2777777777777778 0.025 0.05555555555555555
2 0.46796875 0.26666666666666666 0.0296875 0.05
2 0.6765625 0.09722222222222222 0.034375 0.044444444444444446
2 0.39921875 0.4083333333333333 0.0703125 0.10555555555555556
2 0.721875 0.14166666666666666 0.03125 0.05
2 0.4390625 0.2986111111111111 0.04375 0.06944444444444445
2 0.49453125 0.7319444444444444 0.1265625 0.25277777777777777
0 0.69765625 0.17083333333333334 0.0109375 0.05277777777777778
0 0.753125 0.24305555555555555 0.01875 0.06944444444444445
0 0.5421875 0.17222222222222222 0.015625 0.044444444444444446
0 0.37578125 0.55 0.0359375 0.12777777777777777
0 0.334375 0.5194444444444445 0.034375 0.12777777777777777
0 0.68125 0.175 0.015625 0.05555555555555555
