1 0.47421875 0.12638888888888888 0.0703125 0.14166666666666666
1 0.1296875 0.35 0.121875 0.24444444444444444
3 0.33203125 0.24305555555555555 0.0984375 0.21944444444444444
1 0.8671875 0.07916666666666666 0.05625 0.08055555555555556
1 0.7921875 0.24166666666666667 0.034375 0.13333333333333333
1 0.109375 0.7486111111111111 0.11875 0.2361111111111111
2 0.475 0.11944444444444445 0.065625 0.14444444444444443
2 0.20703125 0.4736111111111111 0.1671875 0.2638888888888889
1 0.65859375 0.3486111111111111 0.0453125 0.13055555555555556
0 0.1078125 0.7319444444444444 0.096875 0.24166666666666667
0 0.65 0.2013888888888889 0.0375 0.16944444444444445
0 0.9375 0.16944444444444445 0.04375 0.12777777777777777
0 0.9453125 0.30972222222222223 0.034375 0.16944444444444445
0 0.7921875 0.2111111111111111 0.0375 0.14444444444444443
0 0.47734375 0.3402777777777778 0.0421875 0.20277777777777778
