1 0.46484375 0.5819444444444445 0.0796875 0.18055555555555555
1 0.5265625 0.33611111111111114 0.01875 0.05555555555555555
1 0.97265625 0.44583333333333336 0.0453125 0.10833333333333334
1 0.76484375 0.23333333333333334 0.0203125 0.05555555555555555
1 0.5359375 0.40555555555555556 0.03125 0.09444444444444444
1 0.36171875 0.6083333333333333 0.0421875 0.1
1 0.6890625 0.16666666666666666 0.015625 0.044444444444444446
1 0.6453125 0.1986111111111111 0.01875 0.041666666666666664
1 0.64296875 0.18194444444444444 0.0171875 0.04722222222222222
1 0.72734375 0.2375 0.0171875 0.06944444444444445
1 0.45390625 0.4152777777777778 0.0203125 0.058333333333333334
1 0.546875 0.26805555555555555 0.01875 0.05277777777777778
2 0.39609375 0.4027777777777778 0.0609375 0.08333333333333333
2 0.428125 0.3194444444444444 0.046875 0.07777777777777778
2 0.6765625 0.10138888888888889 0.034375 0.04722222222222222
2 0.7203125 0.14166666666666666 0.0375 0.05555555555555555
2 0.6890625 0.30277777777777776 0.0625 0.11666666666666667
0 0.5265625 0.33611111111111114 0.01875 0.05555555555555555
0 0.45390625 0.4152777777777778 0.0203125 0.058333333333333334
0 0.64296875 0.18194444444444444 0.0171875 0.04722222222222222
0 0.72734375 0.2375 0.0171875 0.06944444444444445
0 0.5234375 0.32222222222222224 0.021875 0.06111111111111111
0 0.359375 0.5958333333333333 0.04375 0.10833333333333334
