1 0.8765625 0.3819444444444444 0.040625 0.13055555555555556
1 0.91640625 0.26805555555555555 0.0359375 0.10277777777777777
1 0.82890625 0.24583333333333332 0.0390625 0.125
1 0.51640625 0.40555555555555556 0.0421875 0.1111111111111111
1 0.75234375 0.41388888888888886 0.0484375 0.1388888888888889
1 0.56015625 0.925 0.0796875 0.15
1 0.1640625 0.5444444444444444 0.0625 0.1111111111111111
1 0.0625 0.4152777777777778 0.05625 0.09722222222222222
1 0.78359375 0.16527777777777777 0.0390625 0.10277777777777777
0 0.7421875 0.2375 0.040625 0.13055555555555556
0 0.91640625 0.2388888888888889 0.0390625 0.13333333333333333
0 0.78359375 0.11527777777777778 0.0421875 0.10277777777777777
0 0.16953125 0.4736111111111111 0.0640625 0.18611111111111112
0 0.515625 0.34305555555555556 0.04375 0.18055555555555555
0 0.82890625 0.2125 0.0390625 0.1638888888888889
0 0.87578125 0.3416666666666667 0.0421875 0.17777777777777778
0 0.065625 0.3763888888888889 0.05 0.1361111111111111
0 0.56015625 0.8625 0.0921875 0.23055555555555557
0 0.2453125 0.8958333333333334 0.090625 0.19722222222222222
