1 0.7 0.23055555555555557 0.021875 0.044444444444444446
1 0.95078125 0.31805555555555554 0.0765625 0.08611111111111111
1 0.9265625 0.4791666666666667 0.046875 0.09722222222222222
1 0.534375 0.3388888888888889 0.025 0.05
2 0.71953125 0.1388888888888889 0.0265625 0.05555555555555555
2 0.4671875 0.26805555555555555 0.028125 0.041666666666666664
2 0.6375 0.23194444444444445 0.05 0.09166666666666666
2 0.4375 0.3013888888888889 0.046875 0.06388888888888888
2 0.5359375 0.20972222222222223 0.0375 0.04722222222222222
0 0.4171875 0.4083333333333333 0.01875 0.08888888888888889
0 0.925 0.4486111111111111 0.04375 0.13055555555555556
0 0.490625 0.2125 0.0125 0.05277777777777778
0 0.5328125 0.31527777777777777 0.025 0.06388888888888888
0 0.6953125 0.21805555555555556 0.025 0.058333333333333334
0 0.434375 0.4125 0.01875 0.08611111111111111
0 0.9203125 0.41388888888888886 0.040625 0.08333333333333333
0 0.45859375 0.9291666666666667 0.0609375 0.14166666666666666
