1 0.35 0.1736111111111111 0.0375 0.09722222222222222
1 0.6859375 0.33611111111111114 0.0875 0.22777777777777777
1 0.03359375 0.44722222222222224 0.0453125 0.13333333333333333
2 0.7234375 0.13333333333333333 0.10625 0.18333333333333332
2 0.609375 0.2708333333333333 0.1125 0.20833333333333334
1 0.8734375 0.4083333333333333 0.0375 0.12222222222222222
0 0.02265625 0.24444444444444444 0.0359375 0.14444444444444443
0 0.03203125 0.4111111111111111 0.0453125 0.15555555555555556
0 0.34921875 0.14027777777777778 0.0359375 0.11944444444444445
0 0.28984375 0.27361111111111114 0.0421875 0.14166666666666666
0 0.87421875 0.34444444444444444 0.0359375 0.18888888888888888
