1 0.4921875 0.3680555555555556 0.01875 0.041666666666666664
1 0.603125 0.20694444444444443 0.025 0.03611111111111111
1 0.4484375 0.35 0.015625 0.05
1 0.7203125 0.1986111111111111 0.01875 0.04722222222222222
1 0.7390625 0.38333333333333336 0.028125 0.07222222222222222
1 0.48984375 0.35 0.0234375 0.05555555555555555
1 0.65859375 0.20555555555555555 0.0296875 0.044444444444444446
2 0.4359375 0.30833333333333335 0.046875 0.05
2 0.721875 0.1388888888888889 0.03125 0.044444444444444446
2 0.40625 0.4041666666666667 0.04375 0.09166666666666666
1 0.315625 0.8888888888888888 0.078125 0.2
0 0.48984375 0.35 0.0234375 0.05555555555555555
0 0.4484375 0.35 0.015625 0.05
0 0.3234375 0.7152777777777778 0.040625 0.14722222222222223
