1 0.74921875 0.13055555555555556 0.0703125 0.18333333333333332
1 0.8515625 0.1111111111111111 0.05 0.13333333333333333
1 0.0796875 0.9333333333333333 0.09375 0.13333333333333333
1 0.0890625 0.38472222222222224 0.046875 0.09166666666666666
1 0.4046875 0.5138888888888888 0.075 0.14444444444444443
1 0.66953125 0.2388888888888889 0.0390625 0.10555555555555556
1 0.5609375 0.5180555555555556 0.059375 0.14166666666666666
2 0.30390625 0.37083333333333335 0.1703125 0.21388888888888888
0 0.4078125 0.4125 0.046875 0.125
0 0.0921875 0.3416666666666667 0.046875 0.12777777777777777
0 0.66953125 0.20416666666666666 0.0421875 0.14166666666666666
0 0.07109375 0.8333333333333334 0.0859375 0.16666666666666666
0 0.56015625 0.41388888888888886 0.0546875 0.12222222222222222
0 0.2203125 0.27361111111111114 0.034375 0.11944444444444445
0 0.78515625 0.525 0.0515625 0.23333333333333334
