1 0.70546875 0.5902777777777778 0.0390625 0.1527777777777778
1 0.59140625 0.41805555555555557 0.0453125 0.1361111111111111
1 0.08515625 0.38472222222222224 0.0609375 0.10833333333333334
1 0.18359375 0.4777777777777778 0.0578125 0.1
1 0.51484375 0.6583333333333333 0.0703125 0.17777777777777778
1 0.8390625 0.5055555555555555 0.034375 0.12222222222222222
0 0.51640625 0.5236111111111111 0.0609375 0.11388888888888889
0 0.51875 0.5888888888888889 0.075 0.2111111111111111
0 0.8125 0.6777777777777778 0.053125 0.2388888888888889
0 0.5921875 0.34444444444444444 0.04375 0.10555555555555556
0 0.18671875 0.4083333333333333 0.0515625 0.17777777777777778
0 0.8375 0.44722222222222224 0.05 0.22777777777777777
0 0.08359375 0.3375 0.0484375 0.16944444444444445
