1 0.42109375 0.7763888888888889 0.1921875 0.39166666666666666
1 0.32890625 0.275 0.0390625 0.09444444444444444
1 0.91328125 0.10138888888888889 0.0453125 0.10833333333333334
1 0.8625 0.40694444444444444 0.040625 0.10277777777777777
1 0.18515625 0.4375 0.0546875 0.08611111111111111
1 0.59375 0.475 0.065625 0.13333333333333333
0 0.5953125 0.3958333333333333 0.06875 0.20833333333333334
0 0.8609375 0.3416666666666667 0.046875 0.15555555555555556
0 0.1859375 0.375 0.05 0.15
0 0.54375 0.8597222222222223 0.0625 0.28055555555555556
