1 0.63046875 0.14583333333333334 0.0734375 0.175
1 0.53515625 0.6138888888888889 0.0390625 0.10555555555555556
1 0.4359375 0.5236111111111111 0.028125 0.06388888888888888
1 0.72734375 0.36944444444444446 0.0359375 0.08888888888888889
1 0.50390625 0.34305555555555556 0.0234375 0.06944444444444445
1 0.734375 0.5513888888888889 0.04375 0.10833333333333334
2 0.678125 0.1 0.03125 0.05555555555555555
2 0.396875 0.4027777777777778 0.0625 0.08888888888888889
2 0.43828125 0.3013888888888889 0.0453125 0.06944444444444445
2 0.7125 0.1625 0.053125 0.075
0 0.50234375 0.32222222222222224 0.0234375 0.05555555555555555
0 0.44609375 0.4097222222222222 0.0234375 0.06944444444444445
0 0.33515625 0.5194444444444445 0.0328125 0.1388888888888889
0 0.36953125 0.5111111111111111 0.0265625 0.11666666666666667
0 0.73359375 0.5138888888888888 0.0421875 0.1388888888888889
0 0.4359375 0.4888888888888889 0.034375 0.1
0 0.56015625 0.9208333333333333 0.0765625 0.15833333333333333
0 0.5328125 0.5597222222222222 0.040625 0.11944444444444445
