1 0.78046875 0.2847222222222222 0.0390625 0.08055555555555556
1 0.69375 0.30833333333333335 0.021875 0.07222222222222222
1 0.92578125 0.6875 0.0640625 0.15833333333333333
2 0.72421875 0.14722222222222223 0.0296875 0.05
2 0.53203125 0.2972222222222222 0.0421875 0.06111111111111111
2 0.5484375 0.1361111111111111 0.01875 0.03333333333333333
2 0.690625 0.2111111111111111 0.040625 0.08888888888888889
2 0.7421875 0.15 0.04375 0.06111111111111111
2 0.53125 0.23055555555555557 0.040625 0.044444444444444446
2 0.3984375 0.3888888888888889 0.0625 0.1111111111111111
2 0.4390625 0.3 0.04375 0.07222222222222222
0 0.27734375 0.7569444444444444 0.0390625 0.16944444444444445
0 0.5203125 0.44583333333333336 0.028125 0.10277777777777777
0 0.92578125 0.5888888888888889 0.0515625 0.1111111111111111
0 0.44921875 0.9305555555555556 0.0640625 0.1111111111111111
0 0.31171875 0.7347222222222223 0.0609375 0.19722222222222222
