1 0.3234375 0.6152777777777778 0.071875 0.14722222222222223
1 0.37421875 0.8527777777777777 0.0859375 0.2111111111111111
1 0.48984375 0.4222222222222222 0.0484375 0.1388888888888889
1 0.8609375 0.3055555555555556 0.040625 0.1111111111111111
2 0.6296875 0.4 0.184375 0.2722222222222222
0 0.8734375 0.1111111111111111 0.034375 0.1
0 0.64375 0.9625 0.065625 0.075
0 0.33046875 0.5361111111111111 0.0703125 0.20555555555555555
0 0.48671875 0.34305555555555556 0.0484375 0.1527777777777778
0 0.37734375 0.7444444444444445 0.0890625 0.21666666666666667
0 0.85859375 0.24861111111111112 0.0421875 0.11944444444444445
0 0.3390625 0.38333333333333336 0.05 0.13333333333333333
0 0.09921875 0.6152777777777778 0.0546875 0.10277777777777777
0 0.1375 0.5888888888888889 0.040625 0.08333333333333333
