1 0.60390625 0.20555555555555555 0.0265625 0.044444444444444446
1 0.46484375 0.48194444444444445 0.0296875 0.10833333333333334
1 0.4671875 0.5097222222222222 0.025 0.06388888888888888
1 0.64453125 0.24166666666666667 0.0171875 0.05555555555555555
2 0.54140625 0.37083333333333335 0.0515625 0.13055555555555556
2 0.69296875 0.22916666666666666 0.0421875 0.08055555555555556
2 0.53046875 0.26805555555555555 0.0453125 0.05277777777777778
2 0.72109375 0.1388888888888889 0.0359375 0.05555555555555555
2 0.43125 0.3 0.059375 0.07222222222222222
0 0.64453125 0.24166666666666667 0.0171875 0.05555555555555555
0 0.28125 0.9777777777777777 0.0375 0.044444444444444446
0 0.11171875 0.6888888888888889 0.0328125 0.07222222222222222
0 0.465625 0.4847222222222222 0.025 0.075
0 0.321875 0.7833333333333333 0.046875 0.15
