1 0.66328125 0.14166666666666666 0.0171875 0.044444444444444446
1 0.75703125 0.20972222222222223 0.0203125 0.06944444444444445
1 0.60390625 0.20416666666666666 0.0203125 0.041666666666666664
1 0.525 0.21666666666666667 0.015625 0.03888888888888889
1 0.5484375 0.3013888888888889 0.021875 0.04722222222222222
1 0.5140625 0.3055555555555556 0.01875 0.05
1 0.6796875 0.2111111111111111 0.021875 0.05555555555555555
2 0.42734375 0.3194444444444444 0.0328125 0.05555555555555555
2 0.396875 0.40694444444444444 0.0625 0.09722222222222222
2 0.71953125 0.14027777777777778 0.0328125 0.05277777777777778
0 0.66328125 0.14166666666666666 0.0171875 0.044444444444444446
0 0.546875 0.2847222222222222 0.021875 0.058333333333333334
0 0.51328125 0.2833333333333333 0.0203125 0.044444444444444446
0 0.525 0.21666666666666667 0.015625 0.03888888888888889
0 0.396875 0.5902777777777778 0.034375 0.1361111111111111
0 0.465625 0.3472222222222222 0.021875 0.07222222222222222
