1 0.61875 0.8819444444444444 0.175 0.21388888888888888
1 0.56796875 0.3472222222222222 0.0421875 0.11666666666666667
1 0.81953125 0.09722222222222222 0.0265625 0.06666666666666667
1 0.8625 0.1361111111111111 0.0375 0.10555555555555556
1 0.746875 0.1375 0.040625 0.10833333333333334
1 0.20546875 0.7111111111111111 0.0796875 0.18888888888888888
2 0.503125 0.4736111111111111 0.165625 0.2638888888888889
0 0.8203125 0.08055555555555556 0.025 0.06666666666666667
0 0.74609375 0.11388888888888889 0.0359375 0.12222222222222222
0 0.56875 0.30694444444444446 0.04375 0.14166666666666666
0 0.20546875 0.6166666666666667 0.0796875 0.21666666666666667
0 0.8625 0.10972222222222222 0.034375 0.11944444444444445
0 0.909375 0.18611111111111112 0.034375 0.15
0 0.946875 0.1986111111111111 0.028125 0.1638888888888889
