1 0.0796875 0.4847222222222222 0.1375 0.25833333333333336
1 0.2453125 0.7236111111111111 0.246875 0.41944444444444445
1 0.28984375 0.20833333333333334 0.0359375 0.1111111111111111
1 0.87890625 0.3111111111111111 0.0609375 0.10555555555555556
1 0.840625 0.16944444444444445 0.0375 0.10555555555555556
1 0.70546875 0.24583333333333332 0.0453125 0.13055555555555556
1 0.50703125 0.44166666666666665 0.0484375 0.12777777777777777
1 0.54609375 0.8152777777777778 0.0859375 0.24722222222222223
1 0.77109375 0.3111111111111111 0.0421875 0.12777777777777777
0 0.50625 0.3902777777777778 0.0625 0.20277777777777778
0 0.134375 0.7458333333333333 0.05625 0.23055555555555557
0 0.840625 0.14305555555555555 0.034375 0.125
0 0.70546875 0.2111111111111111 0.0421875 0.1388888888888889
0 0.184375 0.7319444444444444 0.0625 0.25833333333333336
0 0.5078125 0.3416666666666667 0.046875 0.14444444444444443
0 0.546875 0.7513888888888889 0.078125 0.23055555555555557
0 0.77265625 0.24722222222222223 0.0484375 0.13333333333333333
0 0.2890625 0.17916666666666667 0.0375 0.13055555555555556
0 0.875 0.26666666666666666 0.040625 0.17222222222222222
0 0.2953125 0.4888888888888889 0.0625 0.10555555555555556
