1 0.2890625 0.2361111111111111 0.08125 0.19444444444444445
1 0.8671875 0.2013888888888889 0.0375 0.10833333333333334
1 0.54140625 0.37222222222222223 0.0390625 0.1111111111111111
1 0.728125 0.20277777777777778 0.0375 0.10555555555555556
0 0.540625 0.3111111111111111 0.040625 0.17222222222222222
0 0.953125 0.1736111111111111 0.0375 0.10833333333333334
0 0.7265625 0.14722222222222223 0.0375 0.1111111111111111
0 0.86796875 0.175 0.0359375 0.1388888888888889
0 0.9390625 0.35138888888888886 0.040625 0.20277777777777778
0 0.8359375 0.5083333333333333 0.05 0.24444444444444444
