1 0.4859375 0.30833333333333335 0.021875 0.05555555555555555
1 0.9 0.30972222222222223 0.03125 0.05277777777777778
1 0.85234375 0.37916666666666665 0.0265625 0.06388888888888888
1 0.73515625 0.24444444444444444 0.0234375 0.06666666666666667
1 0.36171875 0.6097222222222223 0.0421875 0.09722222222222222
1 0.70546875 0.20277777777777778 0.0203125 0.044444444444444446
1 0.75625 0.3458333333333333 0.025 0.06388888888888888
1 0.4671875 0.7833333333333333 0.046875 0.08888888888888889
2 0.278125 0.825 0.09375 0.12777777777777777
2 0.43125 0.3194444444444444 0.046875 0.07777777777777778
2 0.3671875 0.8763888888888889 0.14375 0.24166666666666667
2 0.6765625 0.1 0.034375 0.05
2 0.72109375 0.14027777777777778 0.0390625 0.05277777777777778
2 0.40703125 0.3902777777777778 0.0453125 0.09722222222222222
0 0.53984375 0.2111111111111111 0.0171875 0.05555555555555555
0 0.75703125 0.31666666666666665 0.0234375 0.05
0 0.35859375 0.5944444444444444 0.0421875 0.1
0 0.73515625 0.24444444444444444 0.0234375 0.06666666666666667
0 0.8484375 0.34444444444444444 0.034375 0.1111111111111111
0 0.45625 0.7138888888888889 0.046875 0.12222222222222222
