1 0.46875 0.3111111111111111 0.01875 0.05555555555555555
1 0.91875 0.5430555555555555 0.040625 0.11388888888888889
1 0.64453125 0.18333333333333332 0.0203125 0.05
1 0.54140625 0.2375 0.0171875 0.041666666666666664
1 0.6703125 0.2375 0.025 0.06388888888888888
1 0.51484375 0.3375 0.0203125 0.04722222222222222
1 0.75390625 0.37916666666666665 0.0328125 0.09722222222222222
2 0.7203125 0.14027777777777778 0.034375 0.058333333333333334
0 0.753125 0.35694444444444445 0.03125 0.09722222222222222
0 0.43203125 0.42083333333333334 0.0328125 0.11944444444444445
0 0.4453125 0.4236111111111111 0.034375 0.125
0 0.37421875 0.4861111111111111 0.0328125 0.12777777777777777
0 0.9125 0.4847222222222222 0.0375 0.11944444444444445
0 0.46875 0.3111111111111111 0.01875 0.05555555555555555
0 0.5125 0.31527777777777777 0.021875 0.05277777777777778
