1 0.7546875 0.20555555555555555 0.01875 0.05555555555555555
1 0.5234375 0.26944444444444443 0.015625 0.044444444444444446
1 0.54765625 0.24305555555555555 0.0171875 0.04722222222222222
1 0.71796875 0.24444444444444444 0.0234375 0.06111111111111111
2 0.4953125 0.1736111111111111 0.025 0.041666666666666664
2 0.7203125 0.14027777777777778 0.034375 0.05277777777777778
2 0.40703125 0.4013888888888889 0.0453125 0.08611111111111111
2 0.42734375 0.3236111111111111 0.0453125 0.08611111111111111
0 0.6625 0.14166666666666666 0.015625 0.044444444444444446
0 0.54765625 0.24305555555555555 0.0171875 0.04722222222222222
0 0.4765625 0.30972222222222223 0.021875 0.06944444444444445
0 0.41484375 0.5194444444444445 0.0328125 0.11666666666666667
