1 0.765625 0.3111111111111111 0.028125 0.07777777777777778
1 0.53671875 0.30694444444444446 0.0234375 0.058333333333333334
2 0.7234375 0.14166666666666666 0.03125 0.05
0 0.7671875 0.30694444444444446 0.03125 0.09166666666666666
0 0.53515625 0.2861111111111111 0.0203125 0.05
0 0.9640625 0.4263888888888889 0.034375 0.13055555555555556
0 0.834375 0.4222222222222222 0.025 0.06666666666666667
0 0.33203125 0.5208333333333334 0.0328125 0.13055555555555556
0 0.4390625 0.3402777777777778 0.025 0.058333333333333334
0 0.83671875 0.4513888888888889 0.0328125 0.125
