1 0.47734375 0.37777777777777777 0.0296875 0.06666666666666667
1 0.5484375 0.6819444444444445 0.04375 0.11388888888888889
1 0.6859375 0.275 0.021875 0.05555555555555555
1 0.640625 0.20694444444444443 0.01875 0.05277777777777778
2 0.71640625 0.14444444444444443 0.0328125 0.03888888888888889
2 0.39609375 0.40694444444444444 0.0640625 0.10277777777777777
2 0.715625 0.16666666666666666 0.034375 0.05
2 0.4328125 0.2986111111111111 0.05625 0.075
2 0.73671875 0.3875 0.0984375 0.21388888888888888
2 0.42578125 0.7402777777777778 0.1078125 0.24166666666666667
0 0.640625 0.20694444444444443 0.01875 0.05277777777777778
0 0.71484375 0.21805555555555556 0.0171875 0.06388888888888888
0 0.546875 0.6194444444444445 0.040625 0.1
0 0.68359375 0.24722222222222223 0.0171875 0.05
0 0.534375 0.3875 0.025 0.06944444444444445
0 0.44921875 0.9513888888888888 0.0640625 0.09166666666666666
0 0.55 0.9625 0.0625 0.075
0 0.928125 0.3861111111111111 0.028125 0.12222222222222222
