1 0.68828125 0.18194444444444444 0.0234375 0.058333333333333334
1 0.49296875 0.4361111111111111 0.0203125 0.05555555555555555
1 0.95234375 0.3402777777777778 0.0765625 0.08611111111111111
1 0.8203125 0.21388888888888888 0.078125 0.1
1 0.49140625 0.4125 0.0265625 0.075
1 0.93125 0.5763888888888888 0.071875 0.10277777777777777
1 0.64296875 0.20694444444444443 0.0234375 0.05277777777777778
1 0.725 0.4388888888888889 0.034375 0.09444444444444444
1 0.8546875 0.6194444444444445 0.05 0.13333333333333333
1 0.55234375 0.6888888888888889 0.0453125 0.12777777777777777
2 0.50859375 0.28888888888888886 0.0484375 0.08888888888888889
2 0.43828125 0.30694444444444446 0.0453125 0.075
0 0.4890625 0.3888888888888889 0.021875 0.05555555555555555
0 0.9265625 0.5138888888888888 0.040625 0.16666666666666666
0 0.26015625 0.7541666666666667 0.0359375 0.1638888888888889
0 0.49140625 0.4083333333333333 0.0296875 0.1
0 0.84921875 0.5513888888888889 0.0546875 0.15833333333333333
0 0.7203125 0.3902777777777778 0.034375 0.10277777777777777
0 0.5484375 0.6513888888888889 0.046875 0.13055555555555556
