1 0.0796875 0.49166666666666664 0.15 0.25
1 0.8046875 0.4861111111111111 0.040625 0.15
1 0.8421875 0.075 0.025 0.06111111111111111
1 0.33203125 0.1986111111111111 0.0390625 0.09166666666666666
1 0.68359375 0.2013888888888889 0.0359375 0.10833333333333334
1 0.71953125 0.3055555555555556 0.0390625 0.11666666666666667
1 0.66640625 0.7236111111111111 0.0671875 0.21388888888888888
1 0.6109375 0.5194444444444445 0.046875 0.16666666666666666
1 0.23359375 0.7361111111111112 0.0765625 0.20555555555555555
1 0.89921875 0.17083333333333334 0.0421875 0.10277777777777777
2 0.75546875 0.09722222222222222 0.0953125 0.1111111111111111
0 0.9 0.14166666666666666 0.04375 0.13333333333333333
0 0.66796875 0.6180555555555556 0.0671875 0.21944444444444444
0 0.4546875 0.18333333333333332 0.040625 0.12777777777777777
0 0.33203125 0.1736111111111111 0.0390625 0.11388888888888889
0 0.7921875 0.2388888888888889 0.040625 0.1111111111111111
0 0.7203125 0.24305555555555555 0.040625 0.14166666666666666
0 0.68359375 0.1736111111111111 0.0359375 0.1361111111111111
0 0.6109375 0.41805555555555557 0.05 0.13055555555555556
0 0.83984375 0.3402777777777778 0.0359375 0.16944444444444445
0 0.234375 0.6583333333333333 0.06875 0.24444444444444444
