1 0.77109375 0.19166666666666668 0.0828125 0.2222222222222222
1 0.31953125 0.37222222222222223 0.0421875 0.1
1 0.846875 0.4097222222222222 0.046875 0.1527777777777778
2 0.47421875 0.11527777777777778 0.0390625 0.09166666666666666
2 0.8015625 0.06805555555555555 0.075 0.06388888888888888
2 0.7015625 0.1527777777777778 0.1 0.17777777777777778
1 0.20703125 0.28194444444444444 0.0421875 0.10277777777777777
0 0.846875 0.3819444444444444 0.05 0.175
0 0.92734375 0.17083333333333334 0.0296875 0.125
0 0.0234375 0.24305555555555555 0.034375 0.15833333333333333
0 0.20546875 0.24166666666666667 0.0390625 0.15
0 0.31875 0.3138888888888889 0.046875 0.16111111111111112
