1 0.49609375 0.6097222222222223 0.0953125 0.21944444444444444
1 0.6046875 0.20555555555555555 0.021875 0.05
1 0.81953125 0.2152777777777778 0.0859375 0.09722222222222222
1 0.76484375 0.3458333333333333 0.0328125 0.09166666666666666
1 0.709375 0.4388888888888889 0.034375 0.09444444444444444
2 0.5015625 0.6138888888888889 0.096875 0.2111111111111111
2 0.40703125 0.4041666666666667 0.0390625 0.10277777777777777
2 0.46875 0.24583333333333332 0.028125 0.06388888888888888
2 0.6765625 0.09861111111111111 0.03125 0.04722222222222222
2 0.6484375 0.16805555555555557 0.028125 0.04722222222222222
2 0.72109375 0.14166666666666666 0.0390625 0.05555555555555555
2 0.4390625 0.3013888888888889 0.046875 0.06944444444444445
2 0.53515625 0.8555555555555555 0.1296875 0.2833333333333333
2 0.52109375 0.45 0.0796875 0.14444444444444443
0 0.4453125 0.38472222222222224 0.01875 0.06944444444444445
0 0.70234375 0.37777777777777777 0.0265625 0.044444444444444446
0 0.11015625 0.6958333333333333 0.0359375 0.08611111111111111
0 0.35078125 0.8291666666666667 0.0578125 0.18611111111111112
0 0.76015625 0.30972222222222223 0.0234375 0.06388888888888888
0 0.3109375 0.8569444444444444 0.040625 0.19166666666666668
0 0.246875 0.9222222222222223 0.05625 0.15
