1 0.709375 0.4638888888888889 0.146875 0.2722222222222222
1 0.49765625 0.13055555555555556 0.0796875 0.16111111111111112
1 0.6359375 0.23055555555555557 0.040625 0.1111111111111111
1 0.09765625 0.45416666666666666 0.0609375 0.125
1 0.175 0.3402777777777778 0.046875 0.10833333333333334
1 0.2390625 0.48194444444444445 0.0625 0.11944444444444445
1 0.82421875 0.2111111111111111 0.0390625 0.1111111111111111
1 0.546875 0.36944444444444446 0.040625 0.1111111111111111
2 0.7203125 0.1486111111111111 0.075 0.19722222222222222
2 0.32421875 0.31805555555555554 0.1671875 0.19166666666666668
0 0.17734375 0.3111111111111111 0.0484375 0.12777777777777777
0 0.08984375 0.38055555555555554 0.0453125 0.12222222222222222
0 0.6359375 0.20972222222222223 0.040625 0.13055555555555556
0 0.096875 0.4125 0.06875 0.16944444444444445
0 0.39296875 0.18472222222222223 0.0390625 0.13055555555555556
0 0.165625 0.28055555555555556 0.04375 0.10555555555555556
0 0.82265625 0.14583333333333334 0.0421875 0.09166666666666666
0 0.546875 0.30972222222222223 0.04375 0.15833333333333333
0 0.24375 0.44722222222222224 0.05 0.16111111111111112
0 0.9078125 0.2861111111111111 0.0375 0.18333333333333332
