1 0.4328125 0.25416666666666665 0.2125 0.30833333333333335
1 0.48515625 0.8583333333333333 0.0828125 0.2
1 0.703125 0.7347222222222223 0.078125 0.30277777777777776
2 0.5671875 0.3819444444444444 0.15625 0.25833333333333336
1 0.278125 0.7444444444444445 0.059375 0.2222222222222222
1 0.27734375 0.7597222222222222 0.0359375 0.1638888888888889
0 0.6875 0.4027777777777778 0.05625 0.08888888888888889
0 0.91015625 0.9305555555555556 0.0703125 0.1388888888888889
0 0.47734375 0.7444444444444445 0.1015625 0.3
0 0.2765625 0.6569444444444444 0.071875 0.33055555555555555
